0 17 0.000000 39 0.000000 36 -0.000000 0 1.000000
1 39 0.000000 16 0.285714 36 0.000000 0 0.714286
2 39 0.000000 16 0.571428 36 0.000000 0 0.428571
3 39 0.000000 16 0.857143 36 0.000000 0 0.142857
4 22 0.000000 1 0.142857 21 0.000000 16 0.857143
5 22 0.000000 1 0.428571 21 0.000000 16 0.571429
6 22 0.000000 1 0.714286 21 0.000000 16 0.285714
7 22 0.000000 1 1.000000 21 0.000000 16 -0.000000
8 17 0.666667 39 0.000000 36 -0.000000 0 0.333333
9 17 0.380953 39 0.000000 36 0.285714 0 0.333333
10 17 0.095238 39 0.000000 36 0.571428 0 0.333333
11 39 0.000000 16 0.190476 36 0.666667 0 0.142857
12 39 0.000000 16 0.333333 21 0.142857 36 0.523810
13 39 0.000000 16 0.333333 21 0.428571 36 0.238095
14 22 0.000000 1 0.047619 21 0.666667 16 0.285714
15 22 0.000000 1 0.333333 21 0.666667 16 -0.000000
16 2 0.333333 62 0.000000 25 -0.000000 17 0.666667
17 2 0.047619 62 0.000000 25 0.285714 17 0.666667
18 17 0.428572 25 0.333333 36 0.238095 55 0.000000
19 17 0.142857 25 0.333333 36 0.523809 55 0.000000
20 25 0.190476 55 0.000000 6 0.142857 36 0.666667
21 55 0.000000 21 0.095238 6 0.333333 36 0.571429
22 55 0.000000 21 0.380952 6 0.333333 36 0.285714
23 55 0.000000 21 0.666667 6 0.333333 36 -0.000000
24 2 1.000000 62 0.000000 25 -0.000000 17 -0.000000
25 51 0.000000 2 0.714286 62 0.000000 25 0.285714
26 51 0.000000 2 0.428571 62 0.000000 25 0.571428
27 51 0.000000 2 0.142857 62 0.000000 25 0.857143
28 29 0.000000 25 0.857143 55 0.000000 6 0.142857
29 29 0.000000 25 0.571429 55 0.000000 6 0.428571
30 29 0.000000 25 0.285714 55 0.000000 6 0.714286
31 55 0.000000 21 -0.000000 6 1.000000 36 -0.000000
32 17 0.171224 39 0.171224 36 -0.171224 0 0.828776
33 39 0.171224 16 0.114490 36 0.000000 0 0.714286
34 39 0.171224 16 0.400204 36 0.000000 0 0.428571
35 39 0.171224 16 0.685919 36 0.000000 0 0.142857
36 22 0.142857 39 0.028367 16 0.828776 21 0.000000
37 22 0.171224 1 0.257347 21 0.000000 16 0.571429
38 22 0.171224 1 0.543062 21 0.000000 16 0.285714
39 22 0.171224 1 0.828776 21 0.000000 16 -0.000000
40 17 0.837891 39 0.171224 36 -0.171224 0 0.162109
41 17 0.552176 39 0.171224 36 0.114490 0 0.162109
42 17 0.266462 39 0.171224 36 0.400205 0 0.162109
43 39 0.171224 16 0.019252 36 0.666667 0 0.142857
44 39 0.171224 16 0.162109 21 0.142857 36 0.523810
45 39 0.171224 16 0.162109 21 0.428571 36 0.238095
46 22 0.047619 39 0.123605 16 0.162109 21 0.666667
47 22 0.171224 1 0.162109 21 0.666667 16 -0.000000
48 2 0.504557 62 0.171224 25 -0.171224 17 0.495443
49 2 0.218843 62 0.171224 25 0.114490 17 0.495443
50 62 0.104353 17 0.495443 55 0.066871 25 0.333333
51 17 0.314081 25 0.333333 36 0.181361 55 0.171224
52 17 0.028367 25 0.333333 36 0.467076 55 0.171224
53 25 0.075986 55 0.171224 6 0.257347 36 0.495443
54 55 0.171224 21 0.209728 6 0.333333 36 0.285714
55 55 0.171224 21 0.495443 6 0.333333 36 -0.000000
56 2 1.171224 62 0.171224 25 -0.171224 17 -0.171224
57 51 0.166691 2 0.714286 62 0.000000 25 0.119023
58 51 0.166691 2 0.428571 62 0.000000 25 0.404737
59 51 0.166691 2 0.142857 62 0.000000 25 0.690452
60 51 0.023834 29 0.142857 25 0.833309 62 0.000000
61 29 0.166691 25 0.571429 55 0.000000 6 0.261880
62 29 0.166691 25 0.285714 55 0.000000 6 0.547594
63 55 0.171224 21 -0.171224 6 1.000000 36 -0.000000
64 18 0.333383 17 0.000000 0 0.666617 39 -0.000000
65 18 0.055232 17 0.000000 0 0.659054 39 0.285714
66 39 0.342448 16 0.228980 36 0.000000 0 0.428571
67 39 0.342448 16 0.514695 36 0.000000 0 0.142857
68 22 0.142857 39 0.199591 16 0.657552 21 0.000000
69 22 0.342448 1 0.086123 21 0.000000 16 0.571429
70 22 0.342448 1 0.371837 21 0.000000 16 0.285714
71 22 0.342448 1 0.657552 21 0.000000 16 -0.000000
72 18 0.333383 17 0.666667 0 -0.000049 39 -0.000000
73 40 0.007613 18 0.047619 39 0.278101 17 0.666667
74 17 0.437686 39 0.333333 55 0.009115 36 0.219865
75 17 0.151972 39 0.333333 55 0.009115 36 0.505580
76 39 0.333333 55 0.009115 36 0.523810 21 0.133742
77 39 0.333333 55 0.009115 36 0.238095 21 0.419456
78 22 0.047619 39 0.285714 21 0.657552 55 0.009115
79 22 0.342448 1 -0.009115 21 0.666667 16 -0.000000
80 45 0.333383 2 0.333333 17 0.333284 62 -0.000000
81 45 0.055232 2 0.333333 17 0.325720 62 0.285714
82 2 0.104353 62 0.342448 25 0.228980 17 0.324218
83 62 0.161087 17 0.324218 55 0.181361 25 0.333333
84 17 0.199591 25 0.333333 36 0.124627 55 0.342448
85 25 0.247210 55 0.342448 6 0.086123 36 0.324218
86 55 0.342448 21 0.038504 6 0.333333 36 0.285714
87 55 0.342448 21 0.324218 6 0.333333 36 -0.000000
88 45 0.333383 2 1.000000 17 -0.333383 62 -0.000000
89 51 0.285714 2 0.666617 26 0.047668 62 0.000000
90 51 0.333383 2 0.428571 62 0.000000 25 0.238046
91 51 0.333383 2 0.142857 62 0.000000 25 0.523760
92 51 0.190526 29 0.142857 25 0.666617 62 0.000000
93 29 0.333383 25 0.571429 55 0.000000 6 0.095189
94 29 0.333383 25 0.285714 55 0.000000 6 0.380903
95 29 0.333383 25 -0.000000 55 0.000000 6 0.666617
96 18 0.500074 17 0.000000 0 0.499926 39 -0.000000
97 18 0.221923 17 0.000000 0 0.492362 39 0.285714
98 39 0.513672 16 0.057756 36 0.000000 0 0.428571
99 39 0.513672 16 0.343471 36 0.000000 0 0.142857
100 22 0.142857 39 0.370815 16 0.486328 21 0.000000
101 22 0.428571 39 0.085101 16 0.486328 21 0.000000
102 22 0.513672 1 0.200613 21 0.000000 16 0.285714
103 22 1.000000 39 -0.486328 16 0.486328 21 0.000000
104 18 0.500074 17 0.666667 0 -0.166741 39 -0.000000
105 40 0.174304 18 0.047619 39 0.111410 17 0.666667
106 62 0.122583 17 0.486328 39 0.333333 55 0.057756
107 17 0.323196 39 0.333333 55 0.180339 36 0.163132
108 17 0.037482 39 0.333333 55 0.180339 36 0.448846
109 39 0.333333 55 0.180339 36 0.238095 21 0.248233
110 22 0.047619 39 0.285714 21 0.486328 55 0.180339
111 22 0.333333 39 -0.000000 21 0.486328 55 0.180339
112 45 0.500074 2 0.333333 17 0.166593 62 -0.000000
113 45 0.221923 2 0.333333 17 0.159029 62 0.285714
114 2 0.275577 62 0.513672 25 0.057756 17 0.152994
115 62 0.503535 17 0.152994 55 0.010137 25 0.333333
116 62 0.217821 17 0.152994 55 0.295852 25 0.333333
117 17 0.085101 25 0.333333 36 0.067894 55 0.513672
118 25 0.132720 55 0.513672 6 0.200613 36 0.152994
119 29 -0.148944 25 -0.000000 55 0.666667 6 0.482278
120 45 0.500074 2 1.000000 17 -0.500074 62 -0.000000
121 51 0.285714 2 0.499926 26 0.214360 62 0.000000
122 51 0.500074 2 0.428571 62 0.000000 25 0.071355
123 51 0.500074 2 0.142857 62 0.000000 25 0.357069
124 51 0.357217 29 0.142857 25 0.499926 62 0.000000
125 51 0.071503 29 0.428571 25 0.499926 62 0.000000
126 29 0.500074 25 0.285714 55 0.000000 6 0.214212
127 29 0.500074 25 -0.000000 55 0.000000 6 0.499926
128 18 0.666765 17 0.000000 0 0.333235 39 -0.000000
129 18 0.388615 17 0.000000 0 0.325671 39 0.285714
130 18 0.110464 17 0.000000 0 0.318107 39 0.571429
131 39 0.684896 16 0.172246 36 0.000000 0 0.142857
132 22 0.142857 39 0.542039 16 0.315104 21 0.000000
133 22 0.428571 39 0.256325 16 0.315104 21 0.000000
134 22 0.684896 1 0.029389 21 0.000000 16 0.285714
135 22 1.000000 39 -0.000000 21 0.315104 55 -0.315104
136 18 0.666765 17 0.666667 0 -0.333432 39 -0.000000
137 45 0.055281 40 0.285714 17 0.611385 18 0.047619
138 40 0.110464 62 0.238095 17 0.428571 39 0.222869
139 62 0.179317 17 0.315104 39 0.333333 55 0.172246
140 17 0.208706 39 0.333333 55 0.351563 36 0.106398
141 39 0.333333 55 0.351563 36 0.238095 21 0.077008
142 22 0.047619 39 0.285714 21 0.315104 55 0.351563
143 22 0.333333 39 -0.000000 21 0.315104 55 0.351563
144 45 0.666667 2 0.333235 62 -0.000000 26 0.000099
145 45 0.380952 2 0.325671 62 0.285714 26 0.007662
146 45 0.095238 2 0.318107 62 0.571429 26 0.015226
147 51 0.017747 2 0.142857 62 0.666667 25 0.172729
148 29 0.017747 25 0.315586 62 0.541557 55 0.125110
149 29 0.017747 25 0.315586 62 0.255842 55 0.410824
150 29 0.017747 25 0.285714 55 0.666667 6 0.029872
151 29 0.017747 25 -0.000000 55 0.666667 6 0.315586
152 45 0.000000 2 0.333235 62 -0.000000 26 0.666765
153 51 0.285714 2 0.333235 26 0.381051 62 0.000000
154 51 0.571429 2 0.333235 26 0.095337 62 0.000000
155 51 0.666765 2 0.142857 62 0.000000 25 0.190377
156 51 0.523908 29 0.142857 25 0.333235 62 0.000000
157 51 0.238194 29 0.428571 25 0.333235 62 0.000000
158 29 0.666765 25 0.285714 55 0.000000 6 0.047520
159 29 0.666765 25 -0.000000 55 0.000000 6 0.333235
160 45 -0.166543 40 -0.000000 17 0.166543 18 1.000000
161 18 0.555306 17 0.000000 0 0.158980 39 0.285714
162 18 0.277155 17 0.000000 0 0.151416 39 0.571429
163 39 0.856121 16 0.001022 36 0.000000 0 0.142857
164 22 0.142857 39 0.713264 16 0.143879 21 0.000000
165 22 0.428571 39 0.427549 16 0.143879 21 0.000000
166 22 0.714286 39 0.141835 16 0.143879 21 0.000000
167 22 1.000000 39 -0.000000 21 0.143879 55 -0.143879
168 45 0.500124 40 -0.000000 17 0.166543 18 0.333333
169 45 0.221973 40 0.285714 17 0.444694 18 0.047619
170 40 0.277155 62 0.238095 17 0.428571 39 0.056178
171 62 0.521765 17 0.143879 39 0.333333 55 0.001022
172 62 0.236051 17 0.143879 39 0.333333 55 0.286737
173 17 0.094216 39 0.333333 55 0.522787 36 0.049663
174 22 0.047619 39 0.285714 21 0.143879 55 0.522787
175 22 0.333333 39 -0.000000 21 0.143879 55 0.522787
176 45 0.666667 2 0.166543 62 -0.000000 26 0.166790
177 45 0.380952 2 0.158980 62 0.285714 26 0.174354
178 45 0.095238 2 0.151416 62 0.571429 26 0.181917
179 51 0.184439 2 0.142857 62 0.666667 25 0.006038
180 51 0.041581 29 0.142857 25 0.148895 62 0.666667
181 29 0.184439 25 0.148895 62 0.422534 55 0.244133
182 29 0.184439 25 0.148895 62 0.136820 55 0.529847
183 22 -0.333333 39 -0.000000 21 0.143879 55 1.189454
184 45 0.000000 2 0.166543 62 -0.000000 26 0.833457
185 51 0.285714 2 0.166543 26 0.547743 62 0.000000
186 51 0.571429 2 0.166543 26 0.262028 62 0.000000
187 51 0.833457 2 0.142857 62 0.000000 25 0.023686
188 51 0.690600 29 0.142857 25 0.166543 62 0.000000
189 51 0.404885 29 0.428571 25 0.166543 62 0.000000
190 51 0.119171 29 0.714286 25 0.166543 62 0.000000
191 29 0.833457 25 0.166543 62 -0.166543 55 0.166543
192 45 0.000148 40 -0.000000 17 -0.000148 18 1.000000
193 40 0.007712 18 0.714286 39 0.278003 17 0.000000
194 40 0.015275 18 0.428571 39 0.556153 17 0.000000
195 40 0.022839 18 0.142857 39 0.834304 17 0.000000
196 7 0.027345 22 0.115513 55 0.000000 39 0.857143
197 7 0.027345 22 0.401227 55 0.000000 39 0.571429
198 7 0.027345 22 0.686941 55 0.000000 39 0.285714
199 7 0.027345 22 0.972655 55 0.000000 39 -0.000000
200 45 0.666815 40 -0.000000 17 -0.000148 18 0.333333
201 45 0.388664 40 0.285714 17 0.278003 18 0.047619
202 45 0.110513 40 0.333333 62 0.238095 17 0.318058
203 40 0.165696 62 0.523810 17 0.142857 39 0.167637
204 62 0.551154 7 0.027345 55 0.115513 39 0.305989
205 62 0.265440 7 0.027345 55 0.401227 39 0.305989
206 7 0.027345 22 0.020274 55 0.666667 39 0.285714
207 7 0.027345 22 0.305989 55 0.666667 39 -0.000000
208 45 1.333481 40 -0.000000 17 -0.000148 18 -0.333333
209 45 0.373241 46 0.007712 26 0.333333 62 0.285714
210 45 0.079963 46 0.015275 26 0.333333 62 0.571429
211 51 0.172680 56 0.017796 62 0.648870 26 0.160654
212 51 0.208273 29 0.125061 62 0.648870 56 0.017796
213 29 0.333333 56 0.017796 55 0.077442 62 0.571429
214 29 0.333333 56 0.017796 55 0.363156 62 0.285714
215 29 0.333333 56 0.017796 55 0.648870 62 -0.000000
216 45 0.000000 2 -0.000148 62 -0.000000 26 1.000148
217 51 0.285566 56 0.000000 26 0.714286 50 0.000148
218 51 0.571281 56 0.000000 26 0.428571 50 0.000148
219 51 0.856995 56 0.000000 26 0.142857 50 0.000148
220 13 0.000148 51 0.857143 56 0.000000 29 0.142709
221 13 0.000148 51 0.571429 56 0.000000 29 0.428423
222 13 0.000148 51 0.285714 56 0.000000 29 0.714138
223 29 1.000000 56 0.000148 55 -0.000148 62 -0.000000
224 45 0.166840 40 -0.000000 17 -0.166839 18 1.000000
225 40 0.174403 18 0.714286 39 0.111311 17 0.000000
226 40 0.181967 18 0.428571 39 0.389462 17 0.000000
227 40 0.189530 18 0.142857 39 0.667613 17 0.000000
228 40 0.054237 62 0.000000 39 0.802906 7 0.142857
229 7 0.198569 22 0.230003 55 0.000000 39 0.571429
230 7 0.198569 22 0.515717 55 0.000000 39 0.285714
231 7 0.198569 22 0.801431 55 0.000000 39 -0.000000
232 45 1.166494 46 0.166839 26 -0.333333 62 -0.000000
233 45 0.555355 40 0.285714 17 0.111311 18 0.047619
234 45 0.277205 40 0.333333 62 0.238095 17 0.151367
235 40 0.332387 62 0.523810 17 0.142857 39 0.000946
236 40 0.054237 62 0.666667 39 0.136239 7 0.142857
237 62 0.436664 7 0.198569 55 0.230003 39 0.134765
238 62 0.150950 7 0.198569 55 0.515717 39 0.134765
239 7 0.198569 22 0.134765 55 0.666667 39 -0.000000
240 45 0.499827 46 0.166839 26 0.333333 62 -0.000000
241 45 0.206549 46 0.174403 26 0.333333 62 0.285714
242 46 0.095238 26 0.333333 62 0.484700 61 0.086729
243 51 0.005988 56 0.184488 62 0.482179 26 0.327345
244 51 0.291703 56 0.184488 62 0.482179 26 0.041631
245 51 0.089250 29 0.244083 62 0.482179 56 0.184488
246 29 0.333333 56 0.184488 55 0.196464 62 0.285714
247 29 0.333333 56 0.184488 55 0.482179 62 -0.000000
248 45 -0.166839 46 0.166839 26 1.000000 62 -0.000000
249 51 0.118875 56 0.000000 26 0.714286 50 0.166839
250 51 0.404589 56 0.000000 26 0.428571 50 0.166839
251 51 0.690303 56 0.000000 26 0.142857 50 0.166839
252 13 0.142857 51 0.833161 50 0.023982 56 0.000000
253 13 0.166839 51 0.571429 56 0.000000 29 0.261732
254 13 0.166839 51 0.285714 56 0.000000 29 0.547446
255 29 1.000000 56 0.166839 55 -0.166839 62 -0.000000
256 3 0.333531 45 0.000000 18 0.666469 40 -0.000000
257 3 0.055380 45 0.000000 18 0.658906 40 0.285714
258 40 0.348658 18 0.428571 39 0.222771 17 0.000000
259 40 0.356222 18 0.142857 39 0.500921 17 0.000000
260 40 0.220928 62 0.000000 39 0.636215 7 0.142857
261 7 0.369793 22 0.058779 55 0.000000 39 0.571429
262 7 0.369793 22 0.344493 55 0.000000 39 0.285714
263 7 0.369793 22 0.630207 55 0.000000 39 -0.000000
264 45 0.999803 46 0.333531 26 -0.333333 62 -0.000000
265 3 0.047619 45 0.658906 40 0.285714 46 0.007761
266 45 0.413247 46 0.015325 62 0.238095 40 0.333333
267 45 0.119969 46 0.022888 62 0.523810 40 0.333333
268 40 0.190476 62 0.636215 7 0.142857 61 0.030452
269 56 0.035494 62 0.571429 7 0.333333 55 0.059744
270 56 0.035494 62 0.285714 7 0.333333 55 0.345458
271 56 0.035494 62 -0.000000 7 0.333333 55 0.631172
272 45 0.333136 46 0.333531 26 0.333333 62 -0.000000
273 45 0.039858 46 0.341094 26 0.333333 62 0.285714
274 46 0.095238 26 0.333333 62 0.318009 61 0.253420
275 56 0.190476 62 0.315487 26 0.333333 61 0.160703
276 51 0.125011 56 0.351179 62 0.315487 26 0.208322
277 51 0.255941 29 0.077392 62 0.315487 56 0.351179
278 29 0.333333 56 0.351179 55 0.029773 62 0.285714
279 29 0.333333 56 0.351179 55 0.315487 62 -0.000000
280 45 -0.333531 46 0.333531 26 1.000000 62 -0.000000
281 50 0.285714 26 0.666469 10 0.047817 61 0.000000
282 51 0.237898 56 0.000000 26 0.428571 50 0.333531
283 51 0.523612 56 0.000000 26 0.142857 50 0.333531
284 13 0.142857 51 0.666469 50 0.190674 56 0.000000
285 13 0.333531 51 0.571429 56 0.000000 29 0.095041
286 13 0.333531 51 0.285714 56 0.000000 29 0.380755
287 13 0.333531 51 -0.000000 56 0.000000 29 0.666469
288 3 0.500222 45 0.000000 18 0.499778 40 -0.000000
289 3 0.222072 45 0.000000 18 0.492214 40 0.285714
290 40 0.515349 18 0.428571 39 0.056079 17 0.000000
291 40 0.522913 18 0.142857 39 0.334230 17 0.000000
292 40 0.387620 62 0.000000 39 0.469523 7 0.142857
293 40 0.109469 62 0.000000 39 0.461960 7 0.428571
294 7 0.541017 22 0.173269 55 0.000000 39 0.285714
295 56 -0.446832 62 -0.000000 7 1.000000 55 0.446832
296 3 0.500222 45 0.666667 18 -0.166889 40 -0.000000
297 3 0.047619 45 0.492214 40 0.285714 46 0.174453
298 45 0.246555 46 0.182016 62 0.238095 40 0.333333
299 46 0.142857 40 0.333333 61 0.046723 62 0.477087
300 40 0.190476 62 0.469523 7 0.142857 61 0.197143
301 56 0.095238 62 0.464481 61 0.106948 7 0.333333
302 56 0.202186 62 0.285714 7 0.333333 55 0.178767
303 56 0.202186 62 -0.000000 7 0.333333 55 0.464481
304 46 0.666667 26 0.499778 61 -0.000000 10 -0.166444
305 46 0.380952 26 0.333333 62 0.158881 61 0.126833
306 46 0.095238 26 0.333333 62 0.151317 61 0.420111
307 56 0.190476 62 0.148796 26 0.333333 61 0.327394
308 56 0.476190 62 0.148796 26 0.333333 61 0.041680
309 51 0.244034 56 0.517871 62 0.148796 26 0.089299
310 51 0.136918 29 0.196415 62 0.148796 56 0.517871
311 13 -0.148796 51 -0.000000 56 0.666667 29 0.482129
312 46 0.000000 26 0.499778 61 -0.000000 10 0.500222
313 50 0.285714 26 0.499778 10 0.214508 61 0.000000
314 51 0.071206 56 0.000000 26 0.428571 50 0.500222
315 51 0.356921 56 0.000000 26 0.142857 50 0.500222
316 13 0.142857 51 0.499778 50 0.357365 56 0.000000
317 13 0.428571 51 0.499778 50 0.071651 56 0.000000
318 13 0.500222 51 0.285714 56 0.000000 29 0.214063
319 13 0.500222 51 -0.000000 56 0.000000 29 0.499778
320 3 1.000000 45 0.333086 40 -0.000000 46 -0.333086
321 3 0.388763 45 0.000000 18 0.325523 40 0.285714
322 3 0.110612 45 0.000000 18 0.317959 40 0.571429
323 40 0.689604 18 0.142857 39 0.167538 17 0.000000
324 40 0.554311 62 0.000000 39 0.302832 7 0.142857
325 40 0.276160 62 0.000000 39 0.295268 7 0.428571
326 7 0.712241 22 0.002045 55 0.000000 39 0.285714
327 56 -0.280141 62 -0.000000 7 1.000000 55 0.280141
328 3 0.333333 45 0.333086 40 -0.000000 46 0.333580
329 3 0.047619 45 0.325523 40 0.285714 46 0.341144
330 45 0.079864 46 0.348707 62 0.238095 40 0.333333
331 46 0.142857 40 0.333333 61 0.213414 62 0.310396
332 40 0.190476 62 0.302832 7 0.142857 61 0.363835
333 56 0.095238 62 0.297790 61 0.273639 7 0.333333
334 56 0.368877 62 0.285714 7 0.333333 55 0.012075
335 56 0.368877 62 -0.000000 7 0.333333 55 0.297790
336 46 0.666667 26 0.333086 61 -0.000000 10 0.000247
337 46 0.380952 26 0.325523 61 0.285714 10 0.007811
338 46 0.095238 26 0.317959 61 0.571429 10 0.015374
339 56 0.172581 50 0.017895 61 0.494086 26 0.315438
340 56 0.458295 50 0.017895 61 0.208372 26 0.315438
341 51 0.077343 56 0.666667 26 0.238095 50 0.017895
342 13 0.017895 51 0.285714 56 0.666667 29 0.029724
343 13 0.017895 51 -0.000000 56 0.666667 29 0.315438
344 46 0.000000 26 0.333086 61 -0.000000 10 0.666914
345 50 0.285714 26 0.333086 10 0.381199 61 0.000000
346 50 0.571429 26 0.333086 10 0.095485 61 0.000000
347 51 0.190229 56 0.000000 26 0.142857 50 0.666914
348 13 0.142857 51 0.333086 50 0.524056 56 0.000000
349 13 0.428571 51 0.333086 50 0.238342 56 0.000000
350 13 0.666914 51 0.285714 56 0.000000 29 0.047372
351 13 0.666914 51 -0.000000 56 0.000000 29 0.333086
352 3 1.000000 45 0.166395 40 -0.000000 46 -0.166395
353 3 0.555454 45 0.000000 18 0.158831 40 0.285714
354 3 0.277304 45 0.000000 18 0.151268 40 0.571429
355 40 0.856296 18 0.142857 39 0.000847 17 0.000000
356 40 0.721002 62 0.000000 39 0.136141 7 0.142857
357 40 0.442852 62 0.000000 39 0.128577 7 0.428571
358 40 0.164701 62 0.000000 39 0.121013 7 0.714286
359 56 0.000000 62 0.113450 61 -0.113450 7 1.000000
360 3 0.333333 45 0.166395 40 -0.000000 46 0.500272
361 3 0.047619 45 0.158832 40 0.285714 46 0.507835
362 46 0.428571 40 0.333333 61 0.086827 62 0.151268
363 46 0.142857 40 0.333333 61 0.380105 62 0.143704
364 40 0.190476 62 0.136141 7 0.142857 61 0.530526
365 56 0.095238 62 0.131098 61 0.440330 7 0.333333
366 56 0.380952 62 0.131098 61 0.154616 7 0.333333
367 56 0.666667 62 0.131098 61 -0.131098 7 0.333333
368 46 0.666667 26 0.166395 61 -0.000000 10 0.166938
369 46 0.380952 26 0.158832 61 0.285714 10 0.174502
370 46 0.095238 26 0.151268 61 0.571429 10 0.182065
371 56 0.005890 50 0.184587 61 0.660777 26 0.148747
372 56 0.291604 50 0.184587 61 0.375063 26 0.148747
373 56 0.577318 50 0.184587 61 0.089349 26 0.148747
374 13 0.047619 51 0.148747 50 0.136968 56 0.666667
375 13 0.333333 51 0.148747 50 -0.148747 56 0.666667
376 46 0.000000 26 0.166395 61 -0.000000 10 0.833605
377 50 0.285714 26 0.166395 10 0.547891 61 0.000000
378 50 0.571429 26 0.166395 10 0.262176 61 0.000000
379 51 0.023538 56 0.000000 26 0.142857 50 0.833605
380 13 0.142857 51 0.166395 50 0.690748 56 0.000000
381 13 0.428571 51 0.166395 50 0.405033 56 0.000000
382 13 0.714286 51 0.166395 50 0.119319 56 0.000000
383 13 1.000000 51 0.166395 50 -0.166395 56 0.000000
384 3 1.000000 45 -0.000296 40 -0.000000 46 0.000296
385 41 0.005691 46 0.000000 3 0.714286 40 0.280023
386 41 0.011168 46 0.000000 3 0.428571 40 0.560260
387 41 0.016645 46 0.000000 3 0.142857 40 0.840498
388 23 0.022122 61 0.000000 40 0.857143 7 0.120735
389 23 0.027599 61 0.000000 40 0.571429 7 0.400972
390 23 0.033076 61 0.000000 40 0.285714 7 0.681210
391 7 0.961447 61 -0.000000 56 0.000000 23 0.038553
392 3 0.333333 45 -0.000296 40 -0.000000 46 0.666963
393 41 0.005691 46 0.666667 3 0.047619 40 0.280023
394 23 0.011168 61 0.226927 46 0.439740 40 0.322165
395 23 0.016645 61 0.507164 46 0.159502 40 0.316688
396 23 0.022122 61 0.666667 40 0.190476 7 0.120735
397 7 0.307560 61 0.571429 56 0.095238 23 0.025774
398 7 0.307560 61 0.285714 56 0.380952 23 0.025774
399 7 0.307560 61 -0.000000 56 0.666667 23 0.025774
400 46 0.666667 26 -0.000296 61 -0.000000 10 0.333630
401 58 0.005691 10 0.333333 46 0.380952 61 0.280023
402 58 0.011168 10 0.333333 46 0.095238 61 0.560260
403 61 0.653673 10 0.142857 50 0.190476 58 0.012994
404 61 0.510815 23 0.012994 50 0.346327 56 0.129863
405 61 0.225101 23 0.012994 50 0.346327 56 0.415577
406 56 0.653673 50 0.285714 13 0.047619 57 0.012994
407 56 0.653673 50 -0.000000 13 0.333333 57 0.012994
408 46 0.000000 26 -0.000296 61 -0.000000 10 1.000296
409 48 0.000217 10 0.714286 58 0.000000 50 0.285498
410 48 0.000217 10 0.428571 58 0.000000 50 0.571212
411 48 0.000217 10 0.142857 58 0.000000 50 0.856926
412 30 0.000217 50 0.857143 57 0.000000 13 0.142641
413 30 0.000217 50 0.571429 57 0.000000 13 0.428355
414 30 0.000217 50 0.285714 57 0.000000 13 0.714069
415 56 -0.000214 50 -0.000000 13 1.000000 57 0.000214
416 41 0.120919 46 0.000000 3 1.000000 40 -0.120919
417 41 0.126396 46 0.000000 3 0.714286 40 0.159319
418 41 0.131873 46 0.000000 3 0.428571 40 0.439556
419 41 0.137350 46 0.000000 3 0.142857 40 0.719793
420 23 0.142827 61 0.000000 40 0.857143 7 0.000031
421 23 0.148304 61 0.000000 40 0.571429 7 0.280268
422 23 0.153780 61 0.000000 40 0.285714 7 0.560505
423 7 0.840743 61 -0.000000 56 0.000000 23 0.159257
424 41 0.120919 46 0.666667 3 0.333333 40 -0.120919
425 41 0.126396 46 0.666667 3 0.047619 40 0.159319
426 23 0.131873 61 0.106223 46 0.560444 40 0.201461
427 23 0.137350 61 0.386460 46 0.280207 40 0.195984
428 23 0.142827 61 0.666667 40 0.190476 7 0.000031
429 7 0.186855 61 0.571429 56 0.095238 23 0.146478
430 7 0.186855 61 0.285714 56 0.380952 23 0.146478
431 7 0.186855 61 -0.000000 56 0.666667 23 0.146478
432 58 0.120919 10 0.333333 46 0.666667 61 -0.120919
433 58 0.126396 10 0.333333 46 0.380952 61 0.159319
434 58 0.131873 10 0.333333 46 0.095238 61 0.439556
435 61 0.532968 10 0.142857 50 0.190476 58 0.133698
436 61 0.390111 23 0.133698 50 0.467032 56 0.009159
437 61 0.104397 23 0.133698 50 0.467032 56 0.294873
438 56 0.532968 50 0.285714 13 0.047619 57 0.133698
439 56 0.532968 50 -0.000000 13 0.333333 57 0.133698
440 58 0.120919 10 1.000000 46 0.000000 61 -0.120919
441 48 0.122089 10 0.714286 58 0.000000 50 0.163625
442 48 0.122089 10 0.428571 58 0.000000 50 0.449340
443 48 0.122089 10 0.142857 58 0.000000 50 0.735054
444 30 0.122089 50 0.857143 57 0.000000 13 0.020768
445 30 0.122089 50 0.571429 57 0.000000 13 0.306482
446 30 0.122089 50 0.285714 57 0.000000 13 0.592197
447 56 -0.120919 50 -0.000000 13 1.000000 57 0.120919
448 41 0.241623 46 0.000000 3 1.000000 40 -0.241623
449 41 0.247100 46 0.000000 3 0.714286 40 0.038614
450 41 0.252577 46 0.000000 3 0.428571 40 0.318852
451 41 0.258054 46 0.000000 3 0.142857 40 0.599089
452 23 0.142857 41 0.120674 40 0.736469 46 0.000000
453 23 0.269008 61 0.000000 40 0.571429 7 0.159564
454 23 0.274485 61 0.000000 40 0.285714 7 0.439801
455 7 0.720038 61 -0.000000 56 0.000000 23 0.279962
456 41 0.241623 46 0.666667 3 0.333333 40 -0.241623
457 41 0.247100 46 0.666667 3 0.047619 40 0.038614
458 23 0.238095 41 0.014482 40 0.080756 46 0.666667
459 23 0.258054 61 0.265756 46 0.400911 40 0.075279
460 23 0.263531 61 0.545993 46 0.120674 40 0.069803
461 7 0.066151 61 0.571429 56 0.095238 23 0.267182
462 7 0.066151 61 0.285714 56 0.380952 23 0.267182
463 7 0.066151 61 -0.000000 56 0.666667 23 0.267182
464 58 0.241623 10 0.333333 46 0.666667 61 -0.241623
465 58 0.247100 10 0.333333 46 0.380952 61 0.038614
466 58 0.252577 10 0.333333 46 0.095238 61 0.318852
467 61 0.412264 10 0.142857 50 0.190476 58 0.254403
468 61 0.269407 23 0.142857 58 0.111545 50 0.476190
469 23 0.238095 56 0.174169 57 0.016307 50 0.571429
470 56 0.412264 50 0.285714 13 0.047619 57 0.254403
471 56 0.412264 50 -0.000000 13 0.333333 57 0.254403
472 58 0.241623 10 1.000000 46 0.000000 61 -0.241623
473 48 0.243961 10 0.714286 58 0.000000 50 0.041753
474 48 0.243961 10 0.428571 58 0.000000 50 0.327467
475 48 0.243961 10 0.142857 58 0.000000 50 0.613182
476 48 0.101104 30 0.142857 50 0.756039 58 0.000000
477 30 0.243961 50 0.571429 57 0.000000 13 0.184610
478 30 0.243961 50 0.285714 57 0.000000 13 0.470324
479 56 -0.241623 50 -0.000000 13 1.000000 57 0.241623
480 19 0.365834 46 0.000000 3 0.634166 41 -0.000000
481 19 0.082884 46 0.000000 3 0.631401 41 0.285714
482 41 0.373281 46 0.000000 3 0.428571 40 0.198148
483 41 0.378758 46 0.000000 3 0.142857 40 0.478385
484 23 0.142857 41 0.241378 40 0.615765 46 0.000000
485 23 0.389712 61 0.000000 40 0.571429 7 0.038859
486 23 0.395189 61 0.000000 40 0.285714 7 0.319097
487 7 0.599334 61 -0.000000 56 0.000000 23 0.400666
488 19 0.365834 46 0.666667 3 -0.032500 41 -0.000000
489 38 0.035265 19 0.047619 41 0.250449 46 0.666667
490 58 0.039948 23 0.198148 46 0.626719 41 0.135186
491 58 0.045425 23 0.333333 61 0.145052 46 0.476190
492 58 0.050902 23 0.333333 61 0.425289 46 0.190476
493 61 0.516876 23 0.387886 50 0.054553 56 0.040685
494 61 0.231161 23 0.387886 50 0.054553 56 0.326399
495 23 0.333333 56 0.612114 57 0.054553 50 -0.000000
496 47 0.365834 10 0.333333 46 0.300833 58 -0.000000
497 47 0.082884 10 0.333333 46 0.298068 58 0.285714
498 58 0.373281 10 0.333333 46 0.095238 61 0.198148
499 61 0.291560 10 0.142857 50 0.190476 58 0.375107
500 61 0.148703 23 0.142857 58 0.232250 50 0.476190
501 23 0.238095 56 0.053465 57 0.137011 50 0.571429
502 56 0.291560 50 0.285714 13 0.047619 57 0.375107
503 56 0.291560 50 -0.000000 13 0.333333 57 0.375107
504 47 0.365834 10 1.000000 46 -0.365834 58 -0.000000
505 48 0.285714 10 0.634166 27 0.080119 58 0.000000
506 48 0.365834 10 0.428571 58 0.000000 50 0.205595
507 48 0.365834 10 0.142857 58 0.000000 50 0.491309
508 48 0.222976 30 0.142857 50 0.634166 58 0.000000
509 30 0.365834 50 0.571429 57 0.000000 13 0.062738
510 30 0.365834 50 0.285714 57 0.000000 13 0.348452
511 30 0.365834 50 -0.000000 57 0.000000 13 0.634166
512 19 0.487706 46 0.000000 3 0.512294 41 -0.000000
513 19 0.204757 46 0.000000 3 0.509529 41 0.285714
514 41 0.493985 46 0.000000 3 0.428571 40 0.077443
515 41 0.499462 46 0.000000 3 0.142857 40 0.357681
516 23 0.142857 41 0.362082 40 0.495061 46 0.000000
517 23 0.428571 41 0.081845 40 0.489584 46 0.000000
518 23 0.515893 61 0.000000 40 0.285714 7 0.198393
519 23 1.000000 56 0.478630 57 -0.478630 50 -0.000000
520 19 0.487706 46 0.666667 3 -0.154373 41 -0.000000
521 38 0.157138 19 0.047619 41 0.128577 46 0.666667
522 58 0.160652 23 0.077443 46 0.506015 41 0.255890
523 58 0.166129 23 0.333333 61 0.024347 46 0.476190
524 58 0.171606 23 0.333333 61 0.304585 46 0.190476
525 61 0.396171 23 0.428571 58 0.080019 50 0.095238
526 61 0.110457 23 0.508591 50 0.175257 56 0.205695
527 23 0.333333 56 0.491409 57 0.175257 50 -0.000000
528 47 0.487706 10 0.333333 46 0.178961 58 -0.000000
529 47 0.204757 10 0.333333 46 0.176196 58 0.285714
530 58 0.493985 10 0.333333 46 0.095238 61 0.077443
531 61 0.170856 10 0.142857 50 0.190476 58 0.495811
532 61 0.027999 23 0.142857 58 0.352954 50 0.476190
533 23 0.170856 58 0.067240 50 0.504189 57 0.257716
534 56 0.170856 50 0.285714 13 0.047619 57 0.495811
535 23 -0.333333 56 0.504189 57 0.829144 50 -0.000000
536 47 0.487706 10 1.000000 46 -0.487706 58 -0.000000
537 48 0.285714 10 0.512294 27 0.201992 58 0.000000
538 48 0.487706 10 0.428571 58 0.000000 50 0.083723
539 48 0.487706 10 0.142857 58 0.000000 50 0.369437
540 48 0.344849 30 0.142857 50 0.512294 58 0.000000
541 48 0.059134 30 0.428571 50 0.512294 58 0.000000
542 30 0.487706 50 0.285714 57 0.000000 13 0.226580
543 30 0.487706 50 -0.000000 57 0.000000 13 0.512294
544 19 0.609578 46 0.000000 3 0.390422 41 -0.000000
545 19 0.326629 46 0.000000 3 0.387657 41 0.285714
546 19 0.043680 46 0.000000 3 0.384892 41 0.571429
547 41 0.620166 46 0.000000 3 0.142857 40 0.236976
548 23 0.142857 41 0.482786 40 0.374357 46 0.000000
549 23 0.428571 41 0.202549 40 0.368880 46 0.000000
550 23 0.636597 61 0.000000 40 0.285714 7 0.077688
551 23 1.000000 56 0.357926 57 -0.357926 50 -0.000000
552 19 0.609578 46 0.666667 3 -0.276245 41 -0.000000
553 38 0.279010 19 0.047619 41 0.006704 46 0.666667
554 38 0.043680 58 0.238095 46 0.428571 41 0.289654
555 58 0.286833 23 0.236976 46 0.379834 41 0.096357
556 58 0.292310 23 0.333333 61 0.183880 46 0.190476
557 61 0.275467 23 0.428571 58 0.200723 50 0.095238
558 23 0.619048 56 0.084991 57 0.010247 50 0.285714
559 23 0.333333 56 0.370705 57 0.295961 50 -0.000000
560 47 0.609578 10 0.333333 46 0.057088 58 -0.000000
561 47 0.326629 10 0.333333 46 0.054323 58 0.285714
562 47 0.043680 10 0.333333 46 0.051558 58 0.571429
563 61 0.050151 10 0.142857 50 0.190476 58 0.616515
564 23 0.050151 58 0.473658 50 0.383485 57 0.092706
565 23 0.050151 58 0.187944 50 0.383485 57 0.378420
566 56 0.050151 50 0.285714 13 0.047619 57 0.616515
567 30 -0.050637 50 -0.000000 57 0.666667 13 0.383970
568 47 0.000000 10 0.390422 58 -0.000000 27 0.609578
569 48 0.285714 10 0.390422 27 0.323864 58 0.000000
570 48 0.571429 10 0.390422 27 0.038150 58 0.000000
571 48 0.609578 10 0.142857 58 0.000000 50 0.247565
572 48 0.466721 30 0.142857 50 0.390422 58 0.000000
573 48 0.181007 30 0.428571 50 0.390422 58 0.000000
574 30 0.609578 50 0.285714 57 0.000000 13 0.104707
575 30 0.609578 50 -0.000000 57 0.000000 13 0.390422
576 19 0.731451 46 0.000000 3 0.268549 41 -0.000000
577 19 0.448501 46 0.000000 3 0.265784 41 0.285714
578 19 0.165552 46 0.000000 3 0.263019 41 0.571429
579 41 0.740871 46 0.000000 3 0.142857 40 0.116272
580 23 0.142857 41 0.603491 40 0.253652 46 0.000000
581 23 0.428571 41 0.323253 40 0.248175 46 0.000000
582 23 0.714286 41 0.043016 40 0.242698 46 0.000000
583 23 1.237221 58 -0.237221 50 0.237221 57 -0.237221
584 47 1.333333 10 0.268549 58 -0.000000 27 -0.601883
585 47 0.115168 38 0.285714 46 0.551499 19 0.047619
586 38 0.165552 58 0.238095 46 0.428571 41 0.167781
587 58 0.407538 23 0.116272 46 0.259129 41 0.217061
588 58 0.413015 23 0.333333 61 0.063176 46 0.190476
589 61 0.154763 23 0.428571 58 0.321428 50 0.095238
590 23 0.583334 58 0.035713 50 0.250001 57 0.130952
591 23 0.583334 58 -0.250001 50 0.250001 57 0.416666
592 47 0.666667 10 0.268549 58 -0.000000 27 0.064784
593 47 0.380952 10 0.265784 58 0.285714 27 0.067549
594 47 0.095238 10 0.263019 58 0.571429 27 0.070314
595 48 0.071236 10 0.142857 58 0.666667 50 0.119240
596 30 0.071236 50 0.262098 58 0.595045 57 0.071621
597 30 0.071236 50 0.262098 58 0.309331 57 0.357336
598 30 0.071236 50 0.262098 58 0.023617 57 0.643050
599 30 0.071236 50 0.262098 58 -0.262098 57 0.928764
600 47 0.000000 10 0.268549 58 -0.000000 27 0.731451
601 48 0.285714 10 0.268549 27 0.445736 58 0.000000
602 48 0.571429 10 0.268549 27 0.160022 58 0.000000
603 48 0.731451 10 0.142857 58 0.000000 50 0.125692
604 48 0.588594 30 0.142857 50 0.268549 58 0.000000
605 48 0.302879 30 0.428571 50 0.268549 58 0.000000
606 48 0.017165 30 0.714286 50 0.268549 58 0.000000
607 30 0.731451 50 0.268549 58 -0.268549 57 0.268549
608 47 -0.146677 38 -0.000000 46 0.146677 19 1.000000
609 19 0.570374 46 0.000000 3 0.143912 41 0.285714
610 19 0.287424 46 0.000000 3 0.141147 41 0.571429
611 19 0.004475 46 0.000000 3 0.138382 41 0.857143
612 23 0.142857 41 0.724195 40 0.132948 46 0.000000
613 23 0.428571 41 0.443958 40 0.127471 46 0.000000
614 23 0.714286 41 0.163720 40 0.121994 46 0.000000
615 23 1.116517 58 -0.116517 50 0.116517 57 -0.116517
616 47 0.519990 38 -0.000000 46 0.146677 19 0.333333
617 47 0.237040 38 0.285714 46 0.429626 19 0.047619
618 38 0.287424 58 0.238095 46 0.428571 41 0.045909
619 38 0.004475 58 0.523810 46 0.142857 41 0.328858
620 58 0.533719 23 0.275805 46 0.132948 41 0.057528
621 61 0.034059 23 0.428571 58 0.442132 50 0.095238
622 23 0.462630 58 0.156418 50 0.129297 57 0.251656
623 23 0.462630 58 -0.129297 50 0.129297 57 0.537370
624 47 0.666667 10 0.146677 58 -0.000000 27 0.186656
625 47 0.380952 10 0.143912 58 0.285714 27 0.189421
626 47 0.095238 10 0.141147 58 0.571429 27 0.192186
627 48 0.190476 10 0.140225 27 0.002632 58 0.666667
628 48 0.050251 30 0.142857 50 0.140225 58 0.666667
629 30 0.193108 50 0.140225 58 0.431203 57 0.235463
630 30 0.193108 50 0.140225 58 0.145489 57 0.521178
631 30 0.193108 50 0.140225 58 -0.140225 57 0.806892
632 47 0.000000 10 0.146677 58 -0.000000 27 0.853323
633 48 0.285714 10 0.146677 27 0.567609 58 0.000000
634 48 0.571429 10 0.146677 27 0.281895 58 0.000000
635 48 0.853323 10 0.142857 58 0.000000 50 0.003820
636 48 0.710466 30 0.142857 50 0.146677 58 0.000000
637 48 0.424752 30 0.428571 50 0.146677 58 0.000000
638 48 0.139037 30 0.714286 50 0.146677 58 0.000000
639 30 0.853323 50 0.146677 58 -0.146677 57 0.146677
640 47 -0.024805 38 -0.000000 46 0.024805 19 1.000000
641 19 0.692246 46 0.000000 3 0.022040 41 0.285714
642 19 0.409297 46 0.000000 3 0.019275 41 0.571429
643 19 0.126348 46 0.000000 3 0.016510 41 0.857143
644 23 0.142857 41 0.844899 40 0.012244 46 0.000000
645 23 0.428571 41 0.564662 40 0.006767 46 0.000000
646 23 0.714286 41 0.284424 40 0.001290 46 0.000000
647 23 0.995813 58 -0.000000 57 0.000000 8 0.004187
648 47 0.641862 38 -0.000000 46 0.024805 19 0.333333
649 47 0.358913 38 0.285714 46 0.307754 19 0.047619
650 47 0.075963 38 0.333333 58 0.238095 46 0.352608
651 38 0.126348 58 0.523810 46 0.142857 41 0.206986
652 58 0.654423 23 0.155101 46 0.012244 41 0.178233
653 23 0.341926 58 0.562836 50 0.008592 57 0.086646
654 23 0.341926 58 0.277122 50 0.008592 57 0.372360
655 23 0.341926 58 -0.000000 57 0.666667 8 -0.008592
656 47 1.308529 38 -0.000000 46 0.024805 19 -0.333333
657 47 0.380952 10 0.022040 58 0.285714 27 0.311294
658 47 0.095238 10 0.019275 58 0.571429 27 0.314059
659 48 0.190476 10 0.018353 27 0.124504 58 0.666667
660 48 0.172123 30 0.142857 50 0.018353 58 0.666667
661 30 0.314980 50 0.018353 58 0.553076 57 0.113591
662 30 0.314980 50 0.018353 58 0.267361 57 0.399305
663 30 0.333333 53 -0.018353 57 0.685020 58 -0.000000
664 47 0.000000 10 0.024805 58 -0.000000 27 0.975195
665 48 0.285714 10 0.024805 27 0.689481 58 0.000000
666 48 0.571429 10 0.024805 27 0.403767 58 0.000000
667 48 0.857143 10 0.024805 27 0.118053 58 0.000000
668 48 0.832338 30 0.142857 50 0.024805 58 0.000000
669 48 0.546624 30 0.428571 50 0.024805 58 0.000000
670 48 0.260910 30 0.714286 50 0.024805 58 0.000000
671 30 1.000000 53 -0.024805 57 0.024805 58 -0.000000
672 47 0.097068 38 -0.000000 46 -0.097068 19 1.000000
673 38 0.099833 19 0.714286 41 0.185882 46 0.000000
674 38 0.102598 19 0.428571 41 0.468831 46 0.000000
675 38 0.105363 19 0.142857 41 0.751780 46 0.000000
676 8 0.108461 58 0.000000 41 0.857143 23 0.034397
677 8 0.113937 58 0.000000 41 0.571429 23 0.314634
678 8 0.119414 58 0.000000 41 0.285714 23 0.594871
679 23 0.875109 58 -0.000000 57 0.000000 8 0.124891
680 47 0.763734 38 -0.000000 46 -0.097068 19 0.333333
681 47 0.480785 38 0.285714 46 0.185882 19 0.047619
682 47 0.197836 38 0.333333 58 0.238095 46 0.230736
683 38 0.248220 58 0.523810 46 0.142857 41 0.085113
684 8 0.108461 58 0.666667 41 0.190476 23 0.034397
685 23 0.221221 58 0.571429 57 0.095238 8 0.112112
686 23 0.221221 58 0.285714 57 0.380952 8 0.112112
687 23 0.221221 58 -0.000000 57 0.666667 8 0.112112
688 47 0.569599 44 0.097068 27 0.333333 58 -0.000000
689 47 0.281120 44 0.099833 27 0.333333 58 0.285714
690 44 0.095238 27 0.333333 58 0.564069 59 0.007360
691 48 0.086957 53 0.103519 58 0.563147 27 0.246377
692 48 0.293996 30 0.039338 58 0.563147 53 0.103519
693 48 0.008281 30 0.325052 58 0.563147 53 0.103519
694 30 0.333333 53 0.103519 57 0.277433 58 0.285714
695 30 0.333333 53 0.103519 57 0.563147 58 -0.000000
696 47 -0.097068 44 0.097068 27 1.000000 58 -0.000000
697 48 0.188646 53 0.000000 27 0.714286 49 0.097068
698 48 0.474361 53 0.000000 27 0.428571 49 0.097068
699 48 0.760075 53 0.000000 27 0.142857 49 0.097068
700 14 0.097068 48 0.857143 53 0.000000 30 0.045789
701 14 0.097068 48 0.571429 53 0.000000 30 0.331504
702 14 0.097068 48 0.285714 53 0.000000 30 0.617218
703 30 1.000000 53 0.097068 57 -0.097068 58 -0.000000
704 47 1.781060 44 0.218940 27 -1.000000 58 -0.000000
705 38 0.221705 19 0.714286 41 0.064009 46 0.000000
706 38 0.224470 19 0.428571 41 0.346959 46 0.000000
707 38 0.227235 19 0.142857 41 0.629908 46 0.000000
708 38 0.087143 58 0.000000 41 0.770000 8 0.142857
709 8 0.234642 58 0.000000 41 0.571429 23 0.193930
710 8 0.240118 58 0.000000 41 0.285714 23 0.474167
711 23 0.754405 58 -0.000000 57 0.000000 8 0.245595
712 47 1.114393 44 0.218940 27 -0.333333 58 -0.000000
713 47 0.602657 38 0.285714 46 0.064009 19 0.047619
714 47 0.319708 38 0.333333 58 0.238095 46 0.108863
715 47 0.036759 38 0.333333 58 0.523810 46 0.106098
716 38 0.087143 58 0.666667 41 0.103334 8 0.142857
717 23 0.100517 58 0.571429 57 0.095238 8 0.232816
718 23 0.100517 58 0.285714 57 0.380952 8 0.232816
719 23 0.100517 58 -0.000000 57 0.666667 8 0.232816
720 47 0.447727 44 0.218940 27 0.333333 58 -0.000000
721 47 0.159248 44 0.221705 27 0.333333 58 0.285714
722 44 0.095238 27 0.333333 58 0.442197 59 0.129232
723 53 0.190476 58 0.441275 27 0.333333 59 0.034915
724 48 0.250799 53 0.225392 58 0.441275 27 0.082534
725 48 0.130153 30 0.203180 58 0.441275 53 0.225392
726 30 0.333333 53 0.225392 57 0.155561 58 0.285714
727 30 0.333333 53 0.225392 57 0.441275 58 -0.000000
728 47 -0.218940 44 0.218940 27 1.000000 58 -0.000000
729 48 0.066774 53 0.000000 27 0.714286 49 0.218940
730 48 0.352489 53 0.000000 27 0.428571 49 0.218940
731 48 0.638203 53 0.000000 27 0.142857 49 0.218940
732 14 0.142857 48 0.781060 49 0.076083 53 0.000000
733 14 0.218940 48 0.571429 53 0.000000 30 0.209632
734 14 0.218940 48 0.285714 53 0.000000 30 0.495346
735 30 1.000000 53 0.218940 57 -0.218940 58 -0.000000
736 4 0.340812 47 0.000000 19 0.659188 38 -0.000000
737 4 0.057863 47 0.000000 19 0.656423 38 0.285714
738 38 0.346342 19 0.428571 41 0.225086 46 0.000000
739 38 0.349107 19 0.142857 41 0.508036 46 0.000000
740 38 0.209015 58 0.000000 41 0.648128 8 0.142857
741 8 0.355346 58 0.000000 41 0.571429 23 0.073226
742 8 0.360823 58 0.000000 41 0.285714 23 0.353463
743 23 0.633700 58 -0.000000 57 0.000000 8 0.366300
744 47 0.992521 44 0.340812 27 -0.333333 58 -0.000000
745 4 0.047619 47 0.656423 38 0.285714 44 0.010244
746 47 0.415563 44 0.013009 58 0.238095 38 0.333333
747 47 0.127083 44 0.015774 58 0.523810 38 0.333333
748 38 0.190476 58 0.648128 8 0.142857 59 0.018539
749 53 0.020382 58 0.571429 8 0.333333 57 0.074856
750 53 0.020382 58 0.285714 8 0.333333 57 0.360570
751 23 -0.020187 58 -0.000000 57 0.666667 8 0.353520
752 47 0.325854 44 0.340812 27 0.333333 58 -0.000000
753 47 0.037375 44 0.343577 27 0.333333 58 0.285714
754 44 0.095238 27 0.333333 58 0.320324 59 0.251104
755 53 0.190476 58 0.319403 27 0.333333 59 0.156788
756 48 0.128927 53 0.347264 58 0.319403 27 0.204407
757 48 0.252026 30 0.081308 58 0.319403 53 0.347264
758 30 0.333333 53 0.347264 57 0.033689 58 0.285714
759 30 0.333333 53 0.347264 57 0.319403 58 -0.000000
760 47 -0.340812 44 0.340812 27 1.000000 58 -0.000000
761 49 0.285714 27 0.659188 11 0.055098 59 0.000000
762 48 0.230616 53 0.000000 27 0.428571 49 0.340812
763 48 0.516331 53 0.000000 27 0.142857 49 0.340812
764 14 0.142857 48 0.659188 49 0.197955 53 0.000000
765 14 0.340812 48 0.571429 53 0.000000 30 0.087759
766 14 0.340812 48 0.285714 53 0.000000 30 0.373473
767 14 0.340812 48 -0.000000 53 0.000000 30 0.659188
768 4 0.462685 47 0.000000 19 0.537315 38 -0.000000
769 4 0.179735 47 0.000000 19 0.534550 38 0.285714
770 38 0.468215 19 0.428571 41 0.103214 46 0.000000
771 38 0.470980 19 0.142857 41 0.386163 46 0.000000
772 38 0.330887 58 0.000000 41 0.526255 8 0.142857
773 38 0.047938 58 0.000000 41 0.523491 8 0.428571
774 8 0.481527 58 0.000000 41 0.285714 23 0.232759
775 53 -0.517961 58 -0.000000 8 1.000000 57 0.517961
776 4 0.462685 47 0.666667 19 -0.129351 38 -0.000000
777 4 0.047619 47 0.534550 38 0.285714 44 0.132116
778 47 0.293690 44 0.134881 58 0.238095 38 0.333333
779 47 0.005211 44 0.137646 58 0.523810 38 0.333333
780 38 0.190476 58 0.526256 8 0.142857 59 0.140411
781 53 0.095238 58 0.524412 59 0.047016 8 0.333333
782 53 0.142254 58 0.285714 8 0.333333 57 0.238698
783 53 0.142254 58 -0.000000 8 0.333333 57 0.524412
784 44 0.666667 27 0.333333 58 0.203982 59 -0.203982
785 44 0.380952 27 0.333333 58 0.201217 59 0.084497
786 44 0.095238 27 0.333333 58 0.198452 59 0.372976
787 53 0.190476 58 0.197530 27 0.333333 59 0.278660
788 48 0.007054 53 0.469136 58 0.197530 27 0.326279
789 48 0.292769 53 0.469136 58 0.197530 27 0.040565
790 48 0.088184 30 0.245150 58 0.197530 53 0.469136
791 14 -0.197530 48 -0.000000 53 0.666667 30 0.530864
792 44 0.000000 27 1.000000 58 -0.462685 59 0.462685
793 49 0.285714 27 0.537315 11 0.176970 59 0.000000
794 48 0.108744 53 0.000000 27 0.428571 49 0.462685
795 48 0.394458 53 0.000000 27 0.142857 49 0.462685
796 14 0.142857 48 0.537315 49 0.319827 53 0.000000
797 14 0.428571 48 0.537315 49 0.034113 53 0.000000
798 14 0.462685 48 0.285714 53 0.000000 30 0.251601
799 14 0.462685 48 -0.000000 53 0.000000 30 0.537315
800 4 0.584557 47 0.000000 19 0.415443 38 -0.000000
801 4 0.301608 47 0.000000 19 0.412678 38 0.285714
802 4 0.018658 47 0.000000 19 0.409913 38 0.571429
803 38 0.592852 19 0.142857 41 0.264291 46 0.000000
804 38 0.452760 58 0.000000 41 0.404383 8 0.142857
805 38 0.169810 58 0.000000 41 0.401618 8 0.428571
806 8 0.602231 58 0.000000 41 0.285714 23 0.112055
807 53 -0.396088 58 -0.000000 8 1.000000 57 0.396088
808 4 0.584557 47 0.666667 19 -0.251224 38 -0.000000
809 4 0.047619 47 0.412678 38 0.285714 44 0.253989
810 47 0.171818 44 0.256754 58 0.238095 38 0.333333
811 44 0.142857 38 0.333333 59 0.116661 58 0.407148
812 38 0.190476 58 0.404383 8 0.142857 59 0.262283
813 53 0.095238 58 0.402540 59 0.168889 8 0.333333
814 53 0.264127 58 0.285714 8 0.333333 57 0.116826
815 53 0.264127 58 -0.000000 8 0.333333 57 0.402540
816 44 0.666667 27 0.415443 59 -0.000000 11 -0.082110
817 44 0.380952 27 0.333333 58 0.079345 59 0.206369
818 44 0.095238 27 0.333333 58 0.076580 59 0.494849
819 53 0.190476 58 0.075658 27 0.333333 59 0.400532
820 53 0.476190 58 0.075658 27 0.333333 59 0.114818
821 48 0.170896 53 0.591009 58 0.075658 27 0.162437
822 48 0.210056 30 0.123277 58 0.075658 53 0.591009
823 14 -0.075658 48 -0.000000 53 0.666667 30 0.408991
824 44 0.000000 27 0.415443 59 -0.000000 11 0.584557
825 49 0.285714 27 0.415443 11 0.298843 59 0.000000
826 49 0.571429 27 0.415443 11 0.013128 59 0.000000
827 48 0.272586 53 0.000000 27 0.142857 49 0.584557
828 14 0.142857 48 0.415443 49 0.441700 53 0.000000
829 14 0.428571 48 0.415443 49 0.155985 53 0.000000
830 14 0.584557 48 0.285714 53 0.000000 30 0.129729
831 14 0.584557 48 -0.000000 53 0.000000 30 0.415443
832 4 1.000000 47 0.293571 38 -0.000000 44 -0.293571
833 4 0.423480 47 0.000000 19 0.290806 38 0.285714
834 4 0.140531 47 0.000000 19 0.288041 38 0.571429
835 38 0.714724 19 0.142857 41 0.142419 46 0.000000
836 38 0.574632 58 0.000000 41 0.282511 8 0.142857
837 38 0.291683 58 0.000000 41 0.279746 8 0.428571
838 38 0.008733 58 0.000000 41 0.276981 8 0.714286
839 53 0.000000 58 0.274216 59 -0.274216 8 1.000000
840 4 0.333333 47 0.293571 38 -0.000000 44 0.373096
841 4 0.047619 47 0.290806 38 0.285714 44 0.375861
842 47 0.049946 44 0.378626 58 0.238095 38 0.333333
843 44 0.142857 38 0.333333 59 0.238534 58 0.285276
844 38 0.190476 58 0.282511 8 0.142857 59 0.384156
845 53 0.095238 58 0.280668 59 0.290761 8 0.333333
846 53 0.380952 58 0.280668 59 0.005047 8 0.333333
847 53 0.666667 58 0.280668 59 -0.280668 8 0.333333
848 44 0.666667 27 0.293571 59 -0.000000 11 0.039763
849 44 0.380952 27 0.290806 59 0.285714 11 0.042528
850 44 0.095238 27 0.288041 59 0.571429 11 0.045292
851 53 0.144262 49 0.046214 59 0.522405 27 0.287119
852 53 0.429976 49 0.046214 59 0.236690 27 0.287119
853 48 0.049024 53 0.666667 27 0.238095 49 0.046214
854 14 0.046214 48 0.285714 53 0.666667 30 0.001405
855 14 0.333333 48 0.287119 49 -0.287119 53 0.666667
856 44 0.000000 27 0.293571 59 -0.000000 11 0.706429
857 49 0.285714 27 0.293571 11 0.420715 59 0.000000
858 49 0.571429 27 0.293571 11 0.135001 59 0.000000
859 48 0.150714 53 0.000000 27 0.142857 49 0.706429
860 14 0.142857 48 0.293571 49 0.563572 53 0.000000
861 14 0.428571 48 0.293571 49 0.277858 53 0.000000
862 14 0.706429 48 0.285714 53 0.000000 30 0.007857
863 14 1.000000 48 0.293571 49 -0.293571 53 0.000000
864 4 1.000000 47 0.171698 38 -0.000000 44 -0.171698
865 4 0.545352 47 0.000000 19 0.168933 38 0.285714
866 4 0.262403 47 0.000000 19 0.166168 38 0.571429
867 38 0.836597 19 0.142857 41 0.020546 46 0.000000
868 38 0.696504 58 0.000000 41 0.160638 8 0.142857
869 38 0.413555 58 0.000000 41 0.157873 8 0.428571
870 38 0.130606 58 0.000000 41 0.155109 8 0.714286
871 53 0.000000 58 0.152344 59 -0.152344 8 1.000000
872 4 0.333333 47 0.171698 38 -0.000000 44 0.494968
873 4 0.047619 47 0.168933 38 0.285714 44 0.497733
874 44 0.428571 38 0.333333 59 0.071927 58 0.166168
875 44 0.142857 38 0.333333 59 0.360406 58 0.163403
876 38 0.190476 58 0.160638 8 0.142857 59 0.506028
877 53 0.095238 58 0.158795 59 0.412633 8 0.333333
878 53 0.380952 58 0.158795 59 0.126919 8 0.333333
879 53 0.666667 58 0.158795 59 -0.158795 8 0.333333
880 44 0.666667 27 0.171698 59 -0.000000 11 0.161635
881 44 0.380952 27 0.168933 59 0.285714 11 0.164400
882 44 0.095238 27 0.166168 59 0.571429 11 0.167165
883 53 0.022390 49 0.168087 59 0.644277 27 0.165247
884 53 0.308104 49 0.168087 59 0.358563 27 0.165247
885 53 0.593818 49 0.168087 59 0.072848 27 0.165247
886 14 0.047619 48 0.165247 49 0.120467 53 0.666667
887 14 0.333333 48 0.165247 49 -0.165247 53 0.666667
888 44 0.000000 27 0.171698 59 -0.000000 11 0.828302
889 49 0.285714 27 0.171698 11 0.542587 59 0.000000
890 49 0.571429 27 0.171698 11 0.256873 59 0.000000
891 48 0.028841 53 0.000000 27 0.142857 49 0.828302
892 14 0.142857 48 0.171698 49 0.685444 53 0.000000
893 14 0.428571 48 0.171698 49 0.399730 53 0.000000
894 14 0.714286 48 0.171698 49 0.114016 53 0.000000
895 14 1.000000 48 0.171698 49 -0.171698 53 0.000000
896 4 1.000000 47 0.049826 38 -0.000000 44 -0.049826
897 4 0.667225 47 0.000000 19 0.047061 38 0.285714
898 4 0.384275 47 0.000000 19 0.044296 38 0.571429
899 4 0.101326 47 0.000000 19 0.041531 38 0.857143
900 38 0.818377 58 0.000000 41 0.038766 8 0.142857
901 38 0.535427 58 0.000000 41 0.036001 8 0.428571
902 38 0.252478 58 0.000000 41 0.033236 8 0.714286
903 59 -0.000000 24 -0.046517 53 0.000000 8 1.046517
904 4 0.333333 47 0.049826 38 -0.000000 44 0.616841
905 4 0.047619 47 0.047061 38 0.285714 44 0.619606
906 44 0.428571 38 0.333333 59 0.193799 58 0.044296
907 44 0.142857 38 0.333333 59 0.482278 58 0.041531
908 38 0.190476 58 0.038766 8 0.142857 59 0.627900
909 53 0.095238 58 0.036923 59 0.534506 8 0.333333
910 53 0.380952 58 0.036923 59 0.248791 8 0.333333
911 59 -0.000000 24 -0.056365 53 0.666667 8 0.389699
912 44 0.666667 27 0.049826 59 -0.000000 11 0.283507
913 44 0.380952 27 0.047061 59 0.285714 11 0.286272
914 44 0.095238 27 0.044296 59 0.571429 11 0.289037
915 49 0.190476 27 0.043374 11 0.099483 59 0.666667
916 53 0.186232 49 0.289959 59 0.480435 27 0.043374
917 53 0.471946 49 0.289959 59 0.194721 27 0.043374
918 14 0.047619 48 0.043374 49 0.242340 53 0.666667
919 49 -0.000000 52 -0.066214 14 0.333333 53 0.732881
920 44 0.000000 27 0.049826 59 -0.000000 11 0.950174
921 49 0.285714 27 0.049826 11 0.664460 59 0.000000
922 49 0.571429 27 0.049826 11 0.378745 59 0.000000
923 49 0.857143 27 0.049826 11 0.093031 59 0.000000
924 14 0.142857 48 0.049826 49 0.807317 53 0.000000
925 14 0.428571 48 0.049826 49 0.521602 53 0.000000
926 14 0.714286 48 0.049826 49 0.235888 53 0.000000
927 49 -0.000000 52 -0.076063 14 1.000000 53 0.076063
928 44 0.000000 37 0.109984 38 -0.109984 4 1.000000
929 44 0.000000 37 0.114205 38 0.171510 4 0.714286
930 44 0.000000 37 0.118426 38 0.453003 4 0.428571
931 44 0.000000 37 0.122647 38 0.734496 4 0.142857
932 59 0.000000 24 0.126868 8 0.015990 38 0.857143
933 59 0.000000 24 0.131088 8 0.297483 38 0.571429
934 59 0.000000 24 0.135309 8 0.578976 38 0.285714
935 59 -0.000000 24 0.139530 53 0.000000 8 0.860470
936 44 0.666667 37 0.109984 38 -0.109984 4 0.333333
937 44 0.666667 37 0.114205 38 0.171510 4 0.047619
938 44 0.546997 59 0.119670 38 0.214908 24 0.118426
939 44 0.265504 59 0.401163 38 0.210687 24 0.122647
940 59 0.666667 24 0.126868 8 0.015990 38 0.190476
941 59 0.571429 24 0.129681 53 0.095238 8 0.203652
942 59 0.285714 24 0.129681 53 0.380952 8 0.203652
943 59 -0.000000 24 0.129681 53 0.666667 8 0.203652
944 11 0.333333 60 0.109984 59 -0.109984 44 0.666667
945 11 0.333333 60 0.114205 59 0.171510 44 0.380952
946 11 0.333333 60 0.118426 59 0.453003 44 0.095238
947 11 0.142857 60 0.119833 49 0.190476 59 0.546834
948 59 0.523810 49 0.333333 53 0.023025 52 0.119833
949 59 0.238095 49 0.333333 53 0.308739 52 0.119833
950 49 0.285714 52 0.119833 14 0.047619 53 0.546834
951 49 -0.000000 52 0.119833 14 0.333333 53 0.546834
952 11 1.000000 60 0.109984 59 -0.109984 44 0.000000
953 54 0.111633 11 0.714286 60 0.000000 49 0.174081
954 54 0.111633 11 0.428571 60 0.000000 49 0.459796
955 54 0.111633 11 0.142857 60 0.000000 49 0.745510
956 31 0.111633 49 0.857143 52 0.000000 14 0.031224
957 31 0.111633 49 0.571429 52 0.000000 14 0.316938
958 31 0.111633 49 0.285714 52 0.000000 14 0.602653
959 49 -0.000000 52 0.109984 14 1.000000 53 -0.109984
960 44 0.000000 20 0.300470 37 -0.000000 4 0.699530
961 44 0.000000 20 0.014755 37 0.285714 4 0.699530
962 44 0.000000 37 0.304473 38 0.266956 4 0.428571
963 44 0.000000 37 0.308694 38 0.548449 4 0.142857
964 44 0.000000 37 0.170057 24 0.142857 38 0.687086
965 59 0.000000 24 0.317135 8 0.111436 38 0.571429
966 59 0.000000 24 0.321356 8 0.392929 38 0.285714
967 59 -0.000000 24 0.325577 53 0.000000 8 0.674423
968 44 0.666667 20 0.300470 37 -0.000000 4 0.032864
969 44 0.666667 20 0.014755 37 0.285714 4 0.032864
970 44 0.666667 37 0.066377 24 0.238095 38 0.028861
971 44 0.451551 59 0.215116 38 0.024640 24 0.308694
972 44 0.170057 59 0.496609 38 0.020419 24 0.312914
973 59 0.571429 24 0.315728 53 0.095238 8 0.017605
974 59 0.285714 24 0.315728 53 0.380952 8 0.017605
975 59 -0.000000 24 0.315728 53 0.666667 8 0.017605
976 11 0.333333 43 0.300470 60 -0.000000 44 0.366197
977 11 0.333333 43 0.014755 60 0.285714 44 0.366197
978 11 0.333333 60 0.304473 59 0.266956 44 0.095238
979 11 0.142857 60 0.305880 49 0.190476 59 0.360787
980 60 0.163022 59 0.360787 52 0.142857 49 0.333333
981 59 0.238095 49 0.333333 53 0.122692 52 0.305880
982 49 0.285714 52 0.305880 14 0.047619 53 0.360787
983 49 -0.000000 52 0.305880 14 0.333333 53 0.360787
984 11 1.000000 43 0.300470 60 -0.000000 44 -0.300470
985 54 0.285714 11 0.699530 28 0.014755 60 0.000000
986 54 0.300470 11 0.428571 60 0.000000 49 0.270959
987 54 0.300470 11 0.142857 60 0.000000 49 0.556673
988 54 0.157612 31 0.142857 49 0.699530 60 0.000000
989 31 0.300470 49 0.571429 52 0.000000 14 0.128102
990 31 0.300470 49 0.285714 52 0.000000 14 0.413816
991 49 -0.000000 52 0.296031 14 1.000000 53 -0.296031
992 44 0.000000 20 0.489306 37 -0.000000 4 0.510694
993 44 0.000000 20 0.203592 37 0.285714 4 0.510694
994 44 0.000000 37 0.490520 38 0.080909 4 0.428571
995 44 0.000000 37 0.494741 38 0.362402 4 0.142857
996 44 0.000000 37 0.356104 24 0.142857 38 0.501038
997 44 0.000000 37 0.074611 24 0.428571 38 0.496818
998 59 0.000000 24 0.507403 8 0.206882 38 0.285714
999 59 -0.000000 24 1.000000 52 -0.488376 53 0.488376
1000 44 0.666667 20 0.489306 37 -0.000000 4 -0.155973
1001 44 0.666667 20 0.047619 32 0.155973 37 0.129741
1002 60 0.157186 44 0.509480 37 0.252424 24 0.080909
1003 60 0.161407 44 0.476190 24 0.333333 59 0.029069
1004 60 0.165628 44 0.190476 24 0.333333 59 0.310562
1005 60 0.073204 59 0.498225 24 0.333333 52 0.095238
1006 59 0.285714 24 0.333333 52 0.168442 53 0.212510
1007 59 -0.000000 24 0.333333 52 0.168442 53 0.498225
1008 11 0.333333 43 0.489306 60 -0.000000 44 0.177360
1009 11 0.333333 43 0.203592 60 0.285714 44 0.177360
1010 11 0.333333 60 0.490520 59 0.080909 44 0.095238
1011 11 0.142857 60 0.491927 49 0.190476 59 0.174740
1012 60 0.349069 59 0.174740 52 0.142857 49 0.333333
1013 60 0.063355 59 0.174740 52 0.428571 49 0.333333
1014 49 0.285714 52 0.491927 14 0.047619 53 0.174740
1015 31 -0.177360 49 -0.000000 52 0.666667 14 0.510694
1016 11 1.000000 43 0.489306 60 -0.000000 44 -0.489306
1017 54 0.285714 11 0.510694 28 0.203592 60 0.000000
1018 54 0.489306 11 0.428571 60 0.000000 49 0.082122
1019 54 0.489306 11 0.142857 60 0.000000 49 0.367836
1020 54 0.346449 31 0.142857 49 0.510694 60 0.000000
1021 54 0.060735 31 0.428571 49 0.510694 60 0.000000
1022 31 0.489306 49 0.285714 52 0.000000 14 0.224979
1023 31 0.489306 49 -0.000000 52 0.000000 14 0.510694
1024 44 0.000000 20 0.678143 37 -0.000000 4 0.321857
1025 44 0.000000 20 0.392429 37 0.285714 4 0.321857
1026 44 0.000000 20 0.106714 37 0.571429 4 0.321857
1027 44 0.000000 37 0.680787 38 0.176355 4 0.142857
1028 44 0.000000 37 0.542151 24 0.142857 38 0.314992
1029 44 0.000000 37 0.260658 24 0.428571 38 0.310771
1030 59 0.000000 24 0.693450 8 0.020835 38 0.285714
1031 59 -0.000000 24 1.000000 52 -0.302329 53 0.302329
1032 44 0.666667 20 0.678143 37 -0.000000 4 -0.344810
1033 43 0.059095 44 0.607571 20 0.047619 32 0.285714
1034 44 0.428571 60 0.238095 37 0.226619 32 0.106714
1035 60 0.347454 44 0.319213 37 0.156978 24 0.176355
1036 60 0.351675 44 0.190476 24 0.333333 59 0.124515
1037 60 0.259251 59 0.312178 24 0.333333 52 0.095238
1038 59 0.285714 24 0.333333 52 0.354489 53 0.026463
1039 59 -0.000000 24 0.333333 52 0.354489 53 0.312178
1040 11 0.321857 43 0.666667 28 0.011476 60 -0.000000
1041 11 0.321857 43 0.380952 28 0.011476 60 0.285714
1042 11 0.321857 43 0.095238 28 0.011476 60 0.571429
1043 54 0.011476 11 0.142857 60 0.666667 49 0.179000
1044 31 0.011476 49 0.321857 60 0.535286 52 0.131381
1045 31 0.011476 49 0.321857 60 0.249572 52 0.417095
1046 31 0.011476 49 0.285714 52 0.666667 14 0.036143
1047 31 0.011476 49 -0.000000 52 0.666667 14 0.321857
1048 11 0.321857 43 0.000000 28 0.678143 60 -0.000000
1049 54 0.285714 11 0.321857 28 0.392429 60 0.000000
1050 54 0.571429 11 0.321857 28 0.106714 60 0.000000
1051 54 0.678143 11 0.142857 60 0.000000 49 0.179000
1052 54 0.535286 31 0.142857 49 0.321857 60 0.000000
1053 54 0.249572 31 0.428571 49 0.321857 60 0.000000
1054 31 0.678143 49 0.285714 52 0.000000 14 0.036143
1055 31 0.678143 49 -0.000000 52 0.000000 14 0.321857
1056 43 -0.133020 44 0.133020 20 1.000000 32 -0.000000
1057 44 0.000000 20 0.581266 37 0.285714 4 0.133020
1058 44 0.000000 20 0.295551 37 0.571429 4 0.133020
1059 44 0.000000 20 0.009837 37 0.857143 4 0.133020
1060 44 0.000000 37 0.728198 24 0.142857 38 0.128944
1061 44 0.000000 37 0.446705 24 0.428571 38 0.124724
1062 44 0.000000 37 0.165212 24 0.714286 38 0.120503
1063 60 -0.116282 59 0.116282 24 1.000000 52 0.000000
1064 43 0.533647 44 0.133020 20 0.333333 32 -0.000000
1065 43 0.247932 44 0.418734 20 0.047619 32 0.285714
1066 44 0.428571 60 0.238095 37 0.037782 32 0.295551
1067 44 0.142857 60 0.523810 37 0.323496 32 0.009837
1068 60 0.537722 44 0.128945 37 0.061532 24 0.271802
1069 60 0.445298 59 0.126131 24 0.333333 52 0.095238
1070 60 0.159584 59 0.126131 24 0.333333 52 0.380952
1071 60 -0.126131 59 0.126131 24 0.333333 52 0.666667
1072 11 0.133020 43 0.666667 28 0.200313 60 -0.000000
1073 11 0.133020 43 0.380952 28 0.200313 60 0.285714
1074 11 0.133020 43 0.095238 28 0.200313 60 0.571429
1075 54 0.190476 11 0.133020 28 0.009837 60 0.666667
1076 54 0.057456 31 0.142857 49 0.133020 60 0.666667
1077 31 0.200313 49 0.133020 60 0.438408 52 0.228258
1078 31 0.200313 49 0.133020 60 0.152694 52 0.513973
1079 31 0.200313 49 0.133020 60 -0.133020 52 0.799687
1080 11 0.133020 43 0.000000 28 0.866980 60 -0.000000
1081 54 0.285714 11 0.133020 28 0.581266 60 0.000000
1082 54 0.571429 11 0.133020 28 0.295551 60 0.000000
1083 54 0.857143 11 0.133020 28 0.009837 60 0.000000
1084 54 0.724123 31 0.142857 49 0.133020 60 0.000000
1085 54 0.438408 31 0.428571 49 0.133020 60 0.000000
1086 54 0.152694 31 0.714286 49 0.133020 60 0.000000
1087 31 0.866980 49 0.133020 60 -0.133020 52 0.133020
1088 43 0.055816 44 -0.055816 20 1.000000 32 -0.000000
1089 44 0.000000 20 0.714286 32 0.055816 37 0.229898
1090 44 0.000000 20 0.428571 32 0.055816 37 0.515612
1091 44 0.000000 20 0.142857 32 0.055816 37 0.801326
1092 60 0.000000 9 0.057102 24 0.085755 37 0.857143
1093 60 0.000000 9 0.061323 24 0.367248 37 0.571429
1094 60 0.000000 9 0.065544 24 0.648742 37 0.285714
1095 60 -0.000000 9 0.069765 52 0.000000 24 0.930235
1096 43 0.722483 44 -0.055816 20 0.333333 32 -0.000000
1097 43 0.436769 44 0.229898 20 0.047619 32 0.285714
1098 43 0.151054 44 0.277517 32 0.333333 60 0.238095
1099 44 0.142857 60 0.523810 37 0.134660 32 0.198674
1100 60 0.666667 9 0.057102 24 0.085755 37 0.190476
1101 60 0.571429 9 0.059916 52 0.095238 24 0.273417
1102 60 0.285714 9 0.059916 52 0.380952 24 0.273417
1103 60 -0.000000 9 0.059916 52 0.666667 24 0.273417
1104 43 0.610850 60 -0.000000 33 0.055816 28 0.333333
1105 43 0.325136 60 0.285714 33 0.055816 28 0.333333
1106 43 0.039422 60 0.571429 33 0.055816 28 0.333333
1107 54 0.134660 34 0.055816 60 0.610850 28 0.198674
1108 54 0.246293 31 0.087041 60 0.610850 34 0.055816
1109 31 0.333333 34 0.055816 52 0.039422 60 0.571429
1110 31 0.333333 34 0.055816 52 0.325136 60 0.285714
1111 31 0.333333 34 0.055816 52 0.610850 60 -0.000000
1112 43 -0.055816 60 -0.000000 33 0.055816 28 1.000000
1113 54 0.229898 34 0.000000 28 0.714286 35 0.055816
1114 54 0.515612 34 0.000000 28 0.428571 35 0.055816
1115 54 0.801326 34 0.000000 28 0.142857 35 0.055816
1116 15 0.055816 54 0.857143 34 0.000000 31 0.087041
1117 15 0.055816 54 0.571429 34 0.000000 31 0.372755
1118 15 0.055816 54 0.285714 34 0.000000 31 0.658469
1119 31 1.000000 34 0.055816 52 -0.055816 60 -0.000000
1120 43 0.000000 5 0.244656 32 -0.000000 20 0.755344
1121 44 0.000000 20 0.714286 32 0.244656 37 0.041058
1122 44 0.000000 20 0.428571 32 0.244656 37 0.326773
1123 44 0.000000 20 0.142857 32 0.244656 37 0.612487
1124 60 0.000000 32 0.101799 9 0.142857 37 0.755344
1125 60 0.000000 9 0.247373 24 0.181198 37 0.571429
1126 60 0.000000 9 0.251594 24 0.462692 37 0.285714
1127 60 -0.000000 9 0.255815 52 0.000000 24 0.744185
1128 43 1.088677 60 -0.000000 33 0.244656 28 -0.333333
1129 43 0.625608 44 0.041058 20 0.047619 32 0.285714
1130 43 0.339894 44 0.088677 32 0.333333 60 0.238095
1131 43 0.054180 44 0.088677 32 0.333333 60 0.523810
1132 60 0.666667 32 0.101799 9 0.142857 37 0.088677
1133 60 0.571429 9 0.245966 52 0.095238 24 0.087367
1134 60 0.285714 9 0.245966 52 0.380952 24 0.087367
1135 60 -0.000000 9 0.245966 52 0.666667 24 0.087367
1136 43 0.422011 60 -0.000000 33 0.244656 28 0.333333
1137 43 0.136296 60 0.285714 33 0.244656 28 0.333333
1138 60 0.422011 28 0.333333 42 0.149418 33 0.095238
1139 34 0.190476 60 0.422011 28 0.333333 42 0.054180
1140 54 0.231534 34 0.244656 60 0.422011 28 0.101799
1141 54 0.149418 31 0.183915 60 0.422011 34 0.244656
1142 31 0.333333 34 0.244656 52 0.136296 60 0.285714
1143 31 0.333333 34 0.244656 52 0.422011 60 -0.000000
1144 43 -0.244656 60 -0.000000 33 0.244656 28 1.000000
1145 54 0.041058 34 0.000000 28 0.714286 35 0.244656
1146 54 0.326773 34 0.000000 28 0.428571 35 0.244656
1147 54 0.612487 34 0.000000 28 0.142857 35 0.244656
1148 15 0.142857 54 0.755344 35 0.101799 34 0.000000
1149 15 0.244656 54 0.571429 34 0.000000 31 0.183915
1150 15 0.244656 54 0.285714 34 0.000000 31 0.469630
1151 31 1.000000 34 0.244656 52 -0.244656 60 -0.000000
1152 43 0.000000 5 0.433490 32 -0.000000 20 0.566510
1153 43 0.000000 5 0.147776 32 0.285714 20 0.566510
1154 44 0.000000 20 0.428571 32 0.433490 37 0.137939
1155 44 0.000000 20 0.142857 32 0.433490 37 0.423653
1156 60 0.000000 32 0.290633 9 0.142857 37 0.566510
1157 60 0.000000 32 0.004919 9 0.428571 37 0.566510
1158 60 0.000000 9 0.437638 24 0.276647 37 0.285714
1159 34 -0.566510 60 -0.000000 9 1.000000 52 0.566510
1160 43 0.666667 5 0.433490 32 -0.000000 20 -0.100157
1161 43 0.566510 5 0.047619 33 0.100157 32 0.285714
1162 43 0.328415 60 0.238095 32 0.333333 33 0.100157
1163 43 0.042700 60 0.523810 32 0.333333 33 0.100157
1164 60 0.566510 32 0.190476 42 0.100157 9 0.142857
1165 34 0.095238 60 0.566510 42 0.004919 9 0.333333
1166 34 0.100157 60 0.285714 9 0.333333 52 0.280796
1167 34 0.100157 60 -0.000000 9 0.333333 52 0.566510
1168 43 0.233177 60 -0.000000 33 0.433490 28 0.333333
1169 60 0.233177 28 0.333333 42 0.052538 33 0.380952
1170 60 0.233177 28 0.333333 42 0.338252 33 0.095238
1171 34 0.190476 60 0.233177 28 0.333333 42 0.243014
1172 54 0.042700 34 0.433490 60 0.233177 28 0.290633
1173 54 0.328415 34 0.433490 60 0.233177 28 0.004919
1174 54 0.052538 31 0.280796 60 0.233177 34 0.433490
1175 15 -0.233177 54 -0.000000 34 0.666667 31 0.566510
1176 43 -0.433490 60 -0.000000 33 0.433490 28 1.000000
1177 35 0.285714 28 0.566510 12 0.147776 42 0.000000
1178 54 0.137939 34 0.000000 28 0.428571 35 0.433490
1179 54 0.423653 34 0.000000 28 0.142857 35 0.433490
1180 15 0.142857 54 0.566510 35 0.290633 34 0.000000
1181 15 0.428571 54 0.566510 35 0.004919 34 0.000000
1182 15 0.433490 54 0.285714 34 0.000000 31 0.280796
1183 15 0.433490 54 -0.000000 34 0.000000 31 0.566510
1184 43 0.000000 5 0.622327 32 -0.000000 20 0.377673
1185 43 0.000000 5 0.336612 32 0.285714 20 0.377673
1186 43 0.000000 5 0.050898 32 0.571429 20 0.377673
1187 44 0.000000 20 0.142857 32 0.622327 37 0.234816
1188 60 0.000000 32 0.479469 9 0.142857 37 0.377673
1189 60 0.000000 32 0.193755 9 0.428571 37 0.377673
1190 60 0.000000 9 0.623685 24 0.090601 37 0.285714
1191 34 -0.377673 60 -0.000000 9 1.000000 52 0.377673
1192 43 0.377673 5 0.333333 33 0.288993 32 -0.000000
1193 43 0.377673 5 0.047619 33 0.288993 32 0.285714
1194 43 0.139578 60 0.238095 32 0.333333 33 0.288993
1195 60 0.377673 32 0.333333 33 0.142857 42 0.146136
1196 60 0.377673 32 0.190476 42 0.288993 9 0.142857
1197 34 0.095238 60 0.377673 42 0.193755 9 0.333333
1198 34 0.288993 60 0.285714 9 0.333333 52 0.091959
1199 34 0.288993 60 -0.000000 9 0.333333 52 0.377673
1200 28 0.377673 33 0.666667 12 -0.044340 42 -0.000000
1201 60 0.044340 28 0.333333 42 0.241374 33 0.380952
1202 60 0.044340 28 0.333333 42 0.527088 33 0.095238
1203 34 0.190476 60 0.044340 28 0.333333 42 0.431850
1204 34 0.476190 60 0.044340 28 0.333333 42 0.146136
1205 54 0.139578 34 0.622327 60 0.044340 28 0.193755
1206 54 0.241374 31 0.091959 60 0.044340 34 0.622327
1207 15 -0.044340 54 -0.000000 34 0.666667 31 0.377673
1208 28 0.377673 33 0.000000 12 0.622327 42 -0.000000
1209 35 0.285714 28 0.377673 12 0.336612 42 0.000000
1210 35 0.571429 28 0.377673 12 0.050898 42 0.000000
1211 54 0.234816 34 0.000000 28 0.142857 35 0.622327
1212 15 0.142857 54 0.377673 35 0.479469 34 0.000000
1213 15 0.428571 54 0.377673 35 0.193755 34 0.000000
1214 15 0.622327 54 0.285714 34 0.000000 31 0.091959
1215 15 0.622327 54 -0.000000 34 0.000000 31 0.377673
1216 43 0.188837 5 1.000000 33 -0.188837 32 -0.000000
1217 43 0.000000 5 0.525449 32 0.285714 20 0.188837
1218 43 0.000000 5 0.239735 32 0.571429 20 0.188837
1219 44 0.000000 20 0.142857 32 0.811163 37 0.045979
1220 60 0.000000 32 0.668306 9 0.142857 37 0.188837
1221 60 0.000000 32 0.382592 9 0.428571 37 0.188837
1222 60 0.000000 32 0.096878 9 0.714286 37 0.188837
1223 34 0.000000 60 0.188837 42 -0.188837 9 1.000000
1224 43 0.188837 5 0.333333 33 0.477830 32 -0.000000
1225 43 0.188837 5 0.047619 33 0.477830 32 0.285714
1226 60 0.188837 32 0.333333 33 0.428571 42 0.049259
1227 60 0.188837 32 0.333333 33 0.142857 42 0.334973
1228 60 0.188837 32 0.190476 42 0.477830 9 0.142857
1229 34 0.095238 60 0.188837 42 0.382592 9 0.333333
1230 34 0.380952 60 0.188837 42 0.096878 9 0.333333
1231 34 0.666667 60 0.188837 42 -0.188837 9 0.333333
1232 28 0.188837 33 0.666667 12 0.144497 42 -0.000000
1233 28 0.188837 33 0.380952 12 0.144497 42 0.285714
1234 28 0.188837 33 0.095238 12 0.144497 42 0.571429
1235 34 0.045980 35 0.144497 42 0.620687 28 0.188837
1236 34 0.331694 35 0.144497 42 0.334973 28 0.188837
1237 34 0.617408 35 0.144497 42 0.049259 28 0.188837
1238 15 0.047619 54 0.188837 35 0.096878 34 0.666667
1239 15 0.333333 54 0.188837 35 -0.188837 34 0.666667
1240 28 0.188837 33 0.000000 12 0.811163 42 -0.000000
1241 35 0.285714 28 0.188837 12 0.525449 42 0.000000
1242 35 0.571429 28 0.188837 12 0.239735 42 0.000000
1243 54 0.045979 34 0.000000 28 0.142857 35 0.811163
1244 15 0.142857 54 0.188837 35 0.668306 34 0.000000
1245 15 0.428571 54 0.188837 35 0.382592 34 0.000000
1246 15 0.714286 54 0.188837 35 0.096878 34 0.000000
1247 15 1.000000 54 0.188837 35 -0.188837 34 0.000000
1248 43 0.000000 5 1.000000 33 -0.000000 32 -0.000000
1249 43 0.000000 5 0.714286 32 0.285714 20 0.000000
1250 43 0.000000 5 0.428571 32 0.571429 20 0.000000
1251 43 0.000000 5 0.142857 32 0.857143 20 0.000000
1252 60 0.000000 32 0.857143 9 0.142857 37 0.000000
1253 60 0.000000 32 0.571428 9 0.428571 37 0.000000
1254 60 0.000000 32 0.285714 9 0.714286 37 0.000000
1255 34 0.000000 60 0.000000 42 -0.000000 9 1.000000
1256 43 0.000000 5 0.333333 33 0.666667 32 -0.000000
1257 43 0.000000 5 0.047619 33 0.666667 32 0.285714
1258 60 0.000000 32 0.333333 33 0.428571 42 0.238095
1259 60 0.000000 32 0.333333 33 0.142857 42 0.523809
1260 60 0.000000 32 0.190476 42 0.666667 9 0.142857
1261 34 0.095238 60 0.000000 42 0.571428 9 0.333333
1262 34 0.380952 60 0.000000 42 0.285714 9 0.333333
1263 34 0.666667 60 0.000000 42 -0.000000 9 0.333333
1264 28 0.000000 33 0.666667 12 0.333333 42 -0.000000
1265 28 0.000000 33 0.380952 12 0.333333 42 0.285714
1266 28 0.000000 33 0.095238 12 0.333333 42 0.571429
1267 35 0.190476 28 0.000000 12 0.142857 42 0.666667
1268 34 0.142857 35 0.333333 42 0.523809 28 0.000000
1269 34 0.428572 35 0.333333 42 0.238095 28 0.000000
1270 15 0.047619 54 0.000000 35 0.285714 34 0.666667
1271 15 0.333333 54 0.000000 35 -0.000000 34 0.666667
1272 28 0.000000 33 0.000000 12 1.000000 42 -0.000000
1273 35 0.285714 28 0.000000 12 0.714286 42 0.000000
1274 35 0.571429 28 0.000000 12 0.428571 42 0.000000
1275 35 0.857143 28 0.000000 12 0.142857 42 0.000000
1276 15 0.142857 54 0.000000 35 0.857143 34 0.000000
1277 15 0.428571 54 0.000000 35 0.571428 34 0.000000
1278 15 0.714286 54 0.000000 35 0.285714 34 0.000000
1279 15 1.000000 54 0.000000 35 -0.000000 34 0.000000
