15
375
3
0.0419486 -6.39333 4.86931 
4.93652 3.14412 -0.581234 
1
8
193 340 341 342 476 477 1116 1405 
150
3
1.85116 -6.33932 -2.27903 
4.81754 3.08704 -0.329159 
1
8
193 340 341 342 476 477 1116 1405 
399
3
-1.11127 -6.50016 5.6475 
5.06729 3.11484 -0.452967 
1
8
193 340 341 342 476 477 1116 1405 
275
3
2.07204 -6.33246 1.63695 
4.94456 3.1797 -0.398356 
1
8
193 340 341 342 476 477 1116 1405 
225
3
2.28549 -6.43307 0.0440814 
5.01675 3.25715 -0.428243 
1
8
193 340 341 342 476 477 1116 1405 
300
3
1.72746 -6.25379 2.43431 
4.90977 3.11462 -0.534794 
1
8
193 340 341 342 476 477 1116 1405 
200
3
2.24353 -6.43076 -0.684172 
4.93485 3.18163 -0.492529 
1
8
193 340 341 342 476 477 1116 1405 
250
3
2.28925 -6.15678 0.954508 
4.89482 3.00921 -0.476628 
1
8
193 340 341 342 476 477 1116 1405 
125
3
1.48794 -6.29494 -2.73672 
4.81662 3.04231 -0.402597 
1
8
193 340 341 342 476 477 1116 1405 
350
3
0.73491 -6.3721 3.96537 
4.96046 3.20757 -0.572786 
1
8
193 340 341 342 476 477 1116 1405 
50
3
0.0333842 -6.23989 -3.70552 
4.85456 3.03198 -0.453408 
1
8
193 340 341 342 476 477 1116 1405 
75
3
0.596643 -6.55034 -3.60731 
4.92469 3.29294 -0.418958 
1
8
193 340 341 342 476 477 1116 1405 
325
3
1.33702 -6.12165 3.07629 
4.88852 2.96435 -0.41171 
1
8
193 340 341 342 476 477 1116 1405 
100
3
1.04572 -6.28272 -3.2363 
4.92518 3.0403 -0.388965 
1
8
193 340 341 342 476 477 1116 1405 
175
3
2.04396 -6.29896 -1.41509 
4.88468 3.05948 -0.479891 
1
8
193 340 341 342 476 477 1116 1405 
