0 2158 0.000000 2146 -0.000000 0 0.999997 2164 0.000003
1 2388 0.000000 1 0.433727 2619 0.000003 2148 0.566270
2 2150 0.165258 2459 0.000003 2 0.834739 2413 0.000000
3 3 0.461357 2457 0.000003 2151 0.538640 3642 0.000000
4 3597 0.000000 363 0.724658 2460 0.000003 2153 0.275339
5 364 0.060814 2154 0.939183 10389 0.000000 3707 0.000003
6 5 0.960096 2155 0.039900 7266 0.000000 2465 0.000003
7 2208 0.000000 2214 0.000003 6 0.999997 2157 -0.000000
8 7 0.872327 2877 0.000003 2160 0.127670 2438 -0.000000
9 116 0.187138 8920 0.000003 3660 0.720703 3669 0.092156
10 2451 0.508989 509 0.417888 7058 0.000002 3664 0.073121
11 505 0.199668 2419 0.107161 7391 0.000003 2418 0.693169
12 3600 0.053142 2431 0.603366 3599 0.343489 6223 0.000003
13 3662 0.648996 9422 0.000002 3647 0.004289 503 0.346713
14 3637 0.104961 5609 0.000003 3636 0.822190 499 0.072845
15 2210 -0.014871 9557 0.000003 32 1.014869 2397 -0.000002
16 2161 0.076010 2969 0.000003 8 0.923987 2394 -0.000000
17 3681 0.025095 12933 0.000003 3677 0.817896 513 0.157007
18 3679 0.287732 13054 0.000003 3628 0.521073 496 0.191192
19 11039 0.000003 3666 0.840440 510 0.032078 3665 0.127480
20 13021 0.000002 3633 0.128638 3634 0.548265 3632 0.323095
21 11826 0.000003 2424 0.019213 3656 0.680112 506 0.300672
22 3640 0.883421 13665 0.000004 3614 0.002994 2423 0.113581
23 7586 -0.000000 33 0.810063 2211 0.189933 3027 0.000004
24 2270 0.000003 2258 -0.000000 9 0.999997 3611 0.000000
25 2260 0.387118 57 0.612879 3186 0.000003 3620 0.000000
26 3289 0.000003 2405 0.000000 2262 0.011800 58 0.988197
27 4963 0.000003 2403 0.000000 59 0.106630 2263 0.893367
28 4782 0.000002 2406 0.000000 2265 0.045942 419 0.954055
29 12017 0.000000 420 0.005341 3189 0.000002 2266 0.994657
30 61 0.827830 8059 0.000000 3184 0.000003 2268 0.172167
31 2213 -0.000003 2269 -0.000003 34 1.000001 12227 0.000004
32 2470 -0.000000 2166 0.100086 10 0.899913 4310 0.000000
33 13861 0.000000 2785 0.282245 2786 0.235300 2787 0.482455
34 12847 0.000000 521 0.764851 2819 0.170895 2820 0.064254
35 3705 0.761157 3704 0.123089 524 0.115754 7503 0.000000
36 10760 0.000000 3702 0.043256 125 0.839410 3703 0.117333
37 2771 0.227397 14422 0.000000 527 0.167996 2773 0.604607
38 10373 0.000000 609 0.249429 3902 0.357172 4215 0.393399
39 35 0.899913 2216 0.100086 6408 -0.000000 3030 0.000000
40 4522 0.448651 4511 0.363996 839 0.187353 11778 -0.000000
41 8326 0.212217 8324 0.134206 8636 0.161828 10240 0.491750
42 10787 0.213627 10789 0.614554 10790 0.118442 7451 0.053377
43 1821 0.078208 11116 0.276807 7949 0.077000 7945 0.567985
44 12547 0.439944 12544 0.019124 7717 0.228864 12545 0.312068
45 5557 0.194463 5559 0.365008 5561 0.324549 1323 0.115980
46 319 0.166408 8790 0.286186 7824 0.060278 8791 0.487128
47 13348 -0.000000 4732 0.209398 4548 0.031545 4733 0.759057
48 3017 0.330234 3019 0.485942 10424 -0.000000 830 0.183824
49 6682 0.561561 9272 0.151546 299 0.080579 10284 0.206314
50 298 0.127432 8268 0.013487 7656 0.689439 8269 0.169641
51 6375 0.032163 10658 0.091520 10601 0.177280 8484 0.699036
52 7606 0.279186 7578 0.215089 13073 0.501335 13020 0.004390
53 5625 0.206292 6818 0.437540 5628 0.274208 5626 0.081960
54 13394 0.085937 13400 0.566238 1938 0.274098 13398 0.073727
55 10513 -0.000000 3181 0.698748 3180 0.323542 927 -0.022290
56 2931 0.000000 62 0.918801 4796 -0.000000 2272 0.081199
57 5489 0.000000 1048 0.024320 5037 0.674260 5214 0.301420
58 5050 0.007818 1052 0.936914 9217 0.000000 5051 0.055268
59 3323 0.476696 6153 0.000000 3322 0.219257 3324 0.304046
60 4785 0.788857 7579 0.000000 4784 0.142506 937 0.068637
61 3191 0.289045 940 0.032629 4791 0.678326 11883 0.000000
62 8805 0.000000 4788 0.345882 4793 0.277824 4794 0.376294
63 12269 -0.000000 2311 -0.013438 3097 0.000000 82 1.013438
64 2660 -0.000000 11 0.853066 2167 0.146934 2881 0.000000
65 4025 0.214822 658 0.236156 7668 0.000000 4249 0.549022
66 4194 0.259032 4256 0.288398 185 0.452569 11436 0.000000
67 4041 0.301012 4196 0.523313 4195 0.175675 7583 0.000000
68 738 0.557548 4230 0.104031 4229 0.338421 13715 0.000000
69 183 0.579534 4245 0.295516 6508 0.000000 4233 0.124949
70 4243 0.013150 555 0.190802 11286 0.000000 3771 0.796048
71 36 0.853066 2217 0.146934 6096 0.000000 2492 -0.000000
72 13120 -0.000000 769 0.244675 3023 0.737116 3022 0.018209
73 6591 0.573505 10246 0.006961 303 0.140864 10242 0.278669
74 8456 0.555097 10517 0.133374 11437 0.099735 11429 0.211793
75 6013 0.080868 10327 0.282227 10323 0.127840 7575 0.509065
76 11351 0.312184 11352 0.344128 11361 0.089782 11354 0.253906
77 13831 0.047912 6747 0.101749 12905 0.055136 9451 0.795203
78 7098 0.105202 12258 0.513530 12257 0.162934 8658 0.218334
79 3143 0.460590 11251 -0.000000 923 -0.019146 4737 0.558556
80 4415 0.037640 10880 -0.000000 198 0.718835 4414 0.243526
81 6196 0.173869 6288 0.417672 10682 0.401415 1721 0.007043
82 12095 0.398421 13487 0.110412 12718 0.450835 13143 0.040332
83 6583 0.042411 11438 0.328255 11445 0.258222 11441 0.371112
84 7832 0.409165 13359 0.082081 13357 0.283260 13358 0.225494
85 7386 0.133784 5567 0.366777 7387 0.410301 7388 0.089138
86 13970 0.262363 13971 0.142606 13900 0.217038 13899 0.377993
87 883 0.503518 4614 0.251407 7900 -0.000000 4615 0.245074
88 3011 0.000000 2273 0.185453 3197 -0.000000 63 0.814547
89 3490 0.006697 6743 0.000000 4804 0.512115 5225 0.481187
90 3507 0.346163 264 0.530958 5836 0.000000 3492 0.122879
91 1126 0.138715 5251 0.022860 13123 0.000000 5252 0.838425
92 5253 0.801917 5250 0.169255 1125 0.028828 13353 0.000000
93 1070 0.948948 5200 0.021864 5099 0.029188 9655 0.000000
94 3315 0.159672 14165 0.000000 1038 0.203829 5008 0.636498
95 3062 0.000000 83 0.673966 8246 -0.000000 2313 0.326034
96 2169 0.741320 12 0.258680 2883 0.000000 3904 -0.000000
97 659 0.171067 9471 0.000000 2662 0.789253 2676 0.039679
98 4050 0.412281 173 0.454700 7402 0.000000 2870 0.133019
99 4257 0.138972 2834 0.165297 4258 0.695732 11571 0.000000
100 2831 0.082291 746 0.006354 5723 0.000000 2837 0.911356
101 2826 0.688172 698 0.190092 7513 0.000000 2824 0.121736
102 3778 0.563611 9459 0.000000 3769 0.256113 3777 0.180276
103 2494 -0.000000 2219 0.741320 37 0.258680 9466 0.000000
104 2982 0.297661 4316 0.366542 4324 0.335797 6991 -0.000000
105 1389 0.100494 12090 0.361546 7114 0.488565 9588 0.049395
106 1886 0.093122 12599 0.406895 6579 0.146043 12600 0.353940
107 11568 0.557197 12336 0.337707 6538 0.063088 13832 0.042008
108 9763 0.023520 13835 0.588170 11356 0.009547 9765 0.378762
109 7723 0.446958 7722 0.197535 11544 0.306017 10474 0.049490
110 295 0.554506 7226 0.044150 6087 0.150108 7227 0.251236
111 12939 0.010142 4668 0.539320 11696 -0.010142 901 0.460680
112 2981 0.202224 7038 -0.000000 4488 -0.041230 811 0.839006
113 8606 0.142225 8608 0.086305 2119 0.251534 8609 0.519935
114 8105 0.599339 8107 0.050312 8108 0.158160 8109 0.192189
115 6950 0.192875 6948 0.221918 1930 0.316012 11675 0.269195
116 12855 0.560362 12762 0.321917 12857 0.105202 2072 0.012519
117 5982 0.716331 5983 0.069515 5984 0.103227 10259 0.110928
118 12649 0.415975 1782 0.232886 10918 0.070592 10917 0.280548
119 7251 -0.000000 882 0.192391 4613 0.206395 4713 0.601214
120 2275 0.796884 4417 0.000000 64 0.203116 3199 -0.000000
121 4802 0.015288 218 0.189261 10433 0.000000 4811 0.795450
122 255 0.032730 3484 0.728635 3485 0.238635 8909 0.000000
123 10144 0.000000 5280 0.575978 1135 0.219801 5281 0.204221
124 5276 0.484014 3530 0.145832 5255 0.370154 7456 0.000000
125 3457 0.310500 5731 0.000000 5097 0.476461 1069 0.213039
126 5040 0.708545 4985 0.137031 3384 0.154424 10922 0.000000
127 2315 0.998782 3064 0.000000 3337 -0.000000 84 0.001218
128 372 0.572072 3721 -0.000000 2171 0.427928 12483 0.000000
129 3723 0.373127 128 0.333152 2779 0.293720 9278 0.000000
130 4238 0.706760 727 0.094238 5914 0.000000 4191 0.199002
131 2872 0.162021 14431 0.000000 752 0.633121 4298 0.204857
132 2847 0.804633 11974 0.000000 754 0.145955 4273 0.049412
133 2721 0.757270 700 0.122750 4123 0.119980 10755 0.000000
134 139 0.217451 3775 0.167476 3776 0.615073 5573 0.000000
135 2497 -0.000000 397 0.572072 2221 0.427928 11907 0.000000
136 4321 0.167345 12997 -0.000000 4323 0.656012 4322 0.176643
137 12083 0.400205 301 0.242658 9314 0.318965 12087 0.038173
138 13510 0.728202 13512 0.042072 1281 0.163545 5607 0.066181
139 11464 0.356694 11466 0.034799 1895 0.318132 11467 0.290375
140 6597 0.231705 1826 0.278509 7812 0.019152 6600 0.470635
141 10470 0.008184 10471 0.322334 1669 0.226450 10472 0.443031
142 7901 0.634171 2046 0.197311 7217 0.112284 13468 0.056234
143 4551 0.582236 4550 0.412539 6894 -0.000000 851 0.005225
144 4421 0.519055 4420 0.507044 7849 -0.000000 813 -0.026098
145 6137 0.176679 353 0.636675 5506 0.143697 9362 0.042949
146 6045 0.066765 6046 0.010177 6049 0.248503 6048 0.674555
147 11966 0.279477 1328 0.324400 9439 0.267384 12766 0.128739
148 7392 0.126609 1976 0.395030 7395 0.372098 7394 0.106263
149 13442 0.324848 2032 0.297828 12357 0.251047 13444 0.126277
150 13342 0.198078 13709 0.060052 2094 0.256362 7821 0.485508
151 4619 0.243195 4621 0.756805 13427 0.214507 13426 -0.214507
152 425 0.643411 13226 0.000000 2277 0.356589 3202 -0.000000
153 4808 0.170785 9369 0.000000 4809 0.277386 219 0.551829
154 11090 0.000000 5113 0.550873 5115 0.325292 3395 0.123835
155 5293 0.310222 5565 0.000000 1139 0.254272 5294 0.435506
156 5283 0.657038 8363 0.000000 5285 0.083664 1137 0.259298
157 5172 0.112983 14432 0.000000 1098 0.235340 5171 0.651677
158 233 0.116356 4909 0.304432 8100 0.000000 4908 0.579212
159 4906 -0.000000 445 0.944448 7883 0.000000 2317 0.055552
160 373 0.389454 2172 0.610546 2573 -0.000000 4327 0.000000
161 4029 0.003535 7972 0.000000 4030 0.200695 3910 0.795770
162 4212 0.355642 2794 0.451676 726 0.192682 9191 0.000000
163 12447 0.000000 4292 0.346767 2864 0.564921 4290 0.088312
164 12441 0.000000 4276 0.415241 4129 0.568780 178 0.015979
165 701 0.753658 2718 0.120426 2719 0.125916 13330 0.000000
166 10696 0.000000 3786 0.350436 2720 0.032570 3782 0.616995
167 398 0.389454 3102 0.000000 3780 -0.000000 2222 0.610546
168 4333 0.186498 773 0.353113 4329 0.460389 13549 -0.000000
169 6490 0.275997 6491 0.125210 6492 0.075571 11262 0.523223
170 9518 0.112231 1238 0.093638 9257 0.733109 9253 0.061021
171 5483 0.383069 1259 0.106029 12442 0.282153 7191 0.228748
172 7803 0.430818 13321 0.240196 13323 0.138565 13326 0.190421
173 11167 0.004831 7811 0.239099 11165 0.165020 11161 0.591050
174 6438 0.162972 7398 0.435305 1726 0.299351 6712 0.102372
175 6201 -0.000000 4677 0.388302 4715 0.312892 904 0.298806
176 4426 0.450093 8981 -0.000000 816 0.316434 4490 0.233473
177 6138 0.339190 6797 0.052199 11804 0.577724 11798 0.030887
178 13541 0.331439 13538 0.180475 10569 0.402074 10567 0.086012
179 1259 0.030770 7802 0.382569 13318 0.095962 13320 0.490699
180 7790 0.378465 2091 0.077594 13302 0.436206 13306 0.107735
181 12318 0.057849 12311 0.111536 12312 0.532726 12316 0.297889
182 8818 0.323147 7152 0.310967 7157 0.116155 2031 0.249732
183 8547 -0.000000 4623 0.223055 887 0.361407 4750 0.415538
184 4813 0.180520 2937 0.000000 3209 -0.180520 2278 1.000000
185 4815 0.140636 3394 0.342518 4819 0.516846 5530 0.000000
186 1075 0.379570 5112 0.268991 5110 0.351439 7960 0.000000
187 5263 0.474513 5287 0.014839 3540 0.510648 13032 0.000000
188 5288 0.426311 5176 0.450558 5289 0.123130 13035 0.000000
189 5168 0.186439 14181 0.000000 1097 0.751516 5167 0.062045
190 12361 0.000000 5069 0.002049 5068 0.823673 4990 0.174278
191 3070 0.000000 85 0.214793 2318 0.785207 3306 -0.000000
192 14 0.811305 2474 -0.000000 2174 0.188695 2897 0.000000
193 3939 0.010046 3940 0.698910 13656 0.000000 2589 0.291044
194 694 0.362500 4101 0.105622 4102 0.531878 9544 0.000000
195 12622 0.000000 2857 0.584625 2858 0.303874 2856 0.111502
196 12624 0.000000 2851 0.559341 179 0.084595 2852 0.356064
197 703 0.279964 4124 0.148972 4125 0.571063 14017 0.000000
198 3791 0.597875 3793 0.380819 564 0.021305 9952 0.000000
199 2224 0.188695 39 0.811305 3034 0.000000 2508 -0.000000
200 2896 0.389958 4339 0.471338 12460 -0.000000 4341 0.138704
201 11721 0.280976 1937 0.025144 11723 0.339647 11722 0.354233
202 9549 0.171449 9546 0.103429 9547 0.689979 9548 0.035143
203 5416 0.392382 5417 0.330907 5420 0.038114 5418 0.238597
204 14512 0.399583 14509 0.484189 2058 0.050223 14511 0.066005
205 5817 0.815186 5886 0.127856 1509 0.026976 5887 0.029982
206 10655 0.328738 9875 0.094419 9956 0.554313 5402 0.022530
207 3146 0.659441 4739 0.290582 9876 -0.000000 4740 0.049977
208 4493 0.695365 2985 0.277667 13436 -0.000000 4492 0.026968
209 2113 0.192271 13499 0.177058 13435 0.471972 13434 0.158699
210 10452 0.267225 10454 0.323986 8893 0.272396 1662 0.136392
211 8883 0.230870 7701 0.424964 10445 0.307714 1661 0.036452
212 14504 0.248005 8313 0.177770 13959 0.037983 13958 0.536242
213 7165 0.301846 12385 0.150679 12387 0.461008 14415 0.086467
214 5403 0.360377 5405 0.277494 5407 0.249389 1196 0.112741
215 8796 -0.000595 4761 0.622880 9083 0.000595 886 0.377120
216 66 0.705652 3207 -0.000000 2279 0.294348 2986 0.000000
217 4824 0.575242 4825 0.269133 13496 0.000000 955 0.155625
218 3400 0.007457 1077 0.492139 5122 0.500404 13977 0.000000
219 5264 0.327945 11863 0.000000 5262 0.164763 3510 0.507292
220 259 0.454235 6839 0.000000 3532 0.471453 3533 0.074312
221 3408 0.044619 7615 0.000000 1084 0.510945 3407 0.444437
222 3357 0.479728 9080 0.000000 1028 0.109252 3359 0.411020
223 4626 0.000000 2319 0.910952 86 0.089048 4988 -0.000000
224 374 0.182832 3725 -0.000000 2175 0.817168 2894 0.000000
225 2622 0.545962 533 0.171715 8733 0.000000 2620 0.282322
226 2670 0.202426 5713 0.000000 663 0.543255 2669 0.254318
227 9115 0.000000 4106 0.537143 170 0.159570 4281 0.303286
228 5716 0.000000 708 0.129634 4278 0.393607 2853 0.476759
229 9186 0.000000 2731 0.600201 4137 0.012784 706 0.387015
230 3790 0.934338 3798 0.034860 3799 0.030802 10163 0.000000
231 2225 0.817168 399 0.182832 4553 0.000000 2505 -0.000000
232 4337 -0.126207 4336 0.420021 4338 0.706185 12742 -0.000000
233 10161 0.212586 10155 0.434443 10159 0.083938 10157 0.269034
234 11757 0.301326 13116 0.092274 9572 0.203541 9573 0.402859
235 9730 0.049352 12683 0.701050 12684 0.125488 1436 0.124110
236 9746 0.470824 9742 0.148189 9743 0.081503 8965 0.299484
237 9182 0.293572 8720 0.306305 1236 0.154722 7299 0.245401
238 8788 0.315316 13041 0.060972 6674 0.038641 13045 0.585070
239 4554 0.303405 11597 -0.000000 4556 0.121158 4555 0.575437
240 4428 0.240617 4430 0.294889 4429 0.464494 13534 -0.000000
241 1472 0.168850 5766 0.078656 9851 0.108183 9861 0.644311
242 14468 0.290527 14541 0.359195 14248 0.098971 14245 0.251308
243 13210 0.193751 13767 0.288166 10539 0.157018 13212 0.361065
244 9781 0.015826 8989 0.620468 10540 0.140632 9998 0.223074
245 7690 0.422969 7692 0.100672 1454 0.157890 8434 0.318469
246 8302 0.083186 13944 0.464462 13942 0.052475 13943 0.399877
247 888 -0.038034 11508 -0.000000 4629 0.400639 3171 0.637395
248 427 1.000000 2939 0.000000 3210 -0.085153 4820 0.085153
249 4822 0.083178 4823 0.156068 221 0.760754 5763 0.000000
250 5123 0.494086 5124 0.071995 5119 0.433920 11422 0.000000
251 3535 0.230079 3534 0.676704 8151 0.000000 1081 0.093216
252 3514 0.166266 5735 0.000000 1132 0.386118 3513 0.447616
253 1083 0.177470 9782 0.000000 5266 0.044240 5131 0.778290
254 992 0.394820 4913 0.583372 4911 0.021809 11507 0.000000
255 2320 0.734419 3259 -0.000000 447 0.265581 4627 0.000000
256 2176 0.688905 4343 0.000000 2575 -0.000000 375 0.311095
257 3984 0.066886 615 0.453276 14404 0.000000 3914 0.479837
258 4035 0.049824 9732 0.000000 662 0.259230 4036 0.690946
259 2749 0.415058 12733 0.000000 2750 0.261591 714 0.323350
260 4289 0.467348 7209 0.000000 759 0.133242 4288 0.399409
261 12574 0.000000 4132 0.044052 707 0.847079 2728 0.108869
262 565 0.200270 9414 0.000000 3796 0.399409 3800 0.400320
263 3794 -0.000000 2226 0.688905 400 0.311095 4684 0.000000
264 4345 0.074678 779 0.434733 8618 -0.000000 4349 0.490589
265 14410 0.162959 14408 0.572099 14405 0.232387 14404 0.032555
266 1380 0.108439 8235 0.076890 5634 0.282797 13872 0.531874
267 14517 0.107277 8859 0.695557 14516 0.161191 14514 0.035975
268 1907 0.075590 7438 0.268755 8569 0.108436 12835 0.547218
269 6656 0.195697 11559 0.133902 11564 0.040687 11561 0.629715
270 9417 0.434280 8357 0.168594 7276 0.253074 6670 0.144051
271 906 -0.013264 3128 0.286644 4719 0.726620 5554 -0.000000
272 2987 0.227188 4494 0.772812 8854 -0.002144 10201 0.002144
273 10196 0.131242 12058 0.536463 14464 0.190847 10198 0.141449
274 5760 0.328500 9845 0.403415 9844 0.126460 8584 0.141625
275 9842 0.023243 11517 0.281243 11513 0.058810 11514 0.636703
276 5844 0.496148 10008 0.242854 10004 0.100831 10005 0.160167
277 13199 0.387895 1229 0.243816 5443 0.343742 9819 0.024547
278 9166 0.656716 9172 0.049531 9168 0.000599 9165 0.293154
279 14007 -0.000000 4680 0.087961 3104 0.381251 4678 0.530788
280 2942 0.000000 67 0.925768 3217 -0.000000 2282 0.074232
281 3216 0.041796 956 0.234947 4832 0.723257 14465 0.000000
282 5126 0.603363 8583 0.000000 5128 0.092737 5127 0.303899
283 3404 0.361863 13766 0.000000 3406 0.474610 3405 0.163527
284 5162 0.839294 5161 0.134933 9818 0.000000 258 0.025773
285 3429 0.224420 1059 0.018289 5751 0.000000 3427 0.757291
286 9170 0.000000 991 0.423457 3365 0.126786 5073 0.449757
287 2321 0.641149 3366 -0.000000 87 0.358851 3072 0.000000
288 2177 0.305060 2899 0.000000 3912 -0.000000 16 0.694940
289 9354 0.000000 3977 0.305344 2615 0.470694 614 0.223962
290 10563 0.000000 643 0.108956 2747 0.776638 2616 0.114406
291 12638 0.000000 4152 0.151614 4153 0.091550 4154 0.756836
292 4222 0.075735 9206 0.000000 181 0.115614 4225 0.808650
293 4223 0.816907 13002 0.000000 737 0.029494 2868 0.153599
294 5929 0.000000 3805 0.667831 2515 0.025509 566 0.306661
295 2510 -0.000000 2227 0.305060 41 0.694940 3036 0.000000
296 4355 0.357263 4346 0.220603 780 0.422134 5685 -0.000000
297 8770 0.573682 9692 0.310538 5527 0.039083 1296 0.076696
298 6136 0.287483 10558 0.412012 10562 0.184122 10564 0.116382
299 7313 0.109236 6550 0.709357 7316 0.004459 7315 0.176947
300 8902 0.214105 1240 0.208303 12477 0.135182 14549 0.442410
301 1220 0.060763 9149 0.629278 9202 0.059284 9148 0.250674
302 5449 0.076253 6452 0.337851 9151 0.219603 7568 0.366293
303 5451 -0.000000 4682 0.074615 856 0.180692 4560 0.744693
304 3003 0.780470 4433 0.104679 8338 -0.000000 819 0.114850
305 6970 0.616907 12052 0.151233 12054 0.103226 12621 0.128633
306 6568 0.306250 10367 0.293099 10365 0.332504 11409 0.068147
307 9138 0.469719 9139 0.149473 6297 0.350809 9141 0.029999
308 1778 0.243655 6298 0.661816 8896 0.006172 8890 0.088358
309 1312 0.281779 7700 0.207711 5543 0.144589 10972 0.365921
310 6334 0.149771 10967 0.625087 1519 0.068937 9984 0.156205
311 4632 0.474348 4633 0.592954 890 -0.067302 9984 -0.000000
312 4431 0.000000 428 1.000000 4827 -0.028043 3214 0.028043
313 12620 0.000000 4828 0.067715 4830 0.458297 957 0.473988
314 1062 0.141304 5082 0.602968 9133 0.000000 5201 0.255728
315 1109 0.418610 5202 0.370378 9134 0.000000 5203 0.211012
316 3469 0.203572 1093 0.383192 5212 0.413236 14537 0.000000
317 5072 0.544577 248 0.088491 6332 0.000000 3470 0.366932
318 4993 0.225301 9986 0.000000 1031 0.677384 4994 0.097315
319 448 0.303773 4631 0.000000 2322 0.696227 3307 -0.000000
320 4351 0.000000 2475 -0.000000 2178 0.109224 376 0.890775
321 11237 0.000000 3732 0.333367 536 0.065666 3731 0.600967
322 130 0.382346 7399 0.000000 2753 0.594759 2681 0.022895
323 2752 0.228714 12780 0.000000 4159 0.765745 4158 0.005541
324 2802 0.044260 12806 0.000000 715 0.035019 4221 0.920721
325 143 0.139609 5434 0.000000 2806 0.795820 2807 0.064571
326 9173 0.000000 3803 0.428059 3802 0.403591 568 0.168350
327 3035 0.109224 4557 -0.109224 401 1.000000 2513 -0.000000
328 4353 0.256180 4356 0.407015 782 0.336806 5682 -0.000000
329 6485 0.032920 11238 0.071386 11240 0.586453 11241 0.309241
330 8595 0.213793 14252 0.302343 13385 0.392744 13383 0.091119
331 8591 0.101582 11370 0.652189 11371 0.122113 5846 0.124115
332 12804 0.160633 11379 0.379874 1242 0.250141 9213 0.209351
333 11186 0.242551 1192 0.294595 5463 0.173045 9209 0.289808
334 6956 0.437197 6451 0.190032 12042 0.140022 12041 0.232748
335 3160 -0.159464 8540 -0.000000 3158 0.439227 855 0.720237
336 4514 0.696383 840 0.027758 4512 0.275859 14262 -0.000000
337 11793 0.601268 1949 0.149929 7303 0.171043 11796 0.077760
338 1384 0.388419 9580 0.436544 9587 0.057268 6569 0.117769
339 5834 0.374293 5639 0.119800 9992 0.261990 9583 0.243918
340 5689 0.173159 7431 0.293573 7432 0.326636 7433 0.206633
341 13311 0.112001 13336 0.157335 7430 0.402930 10968 0.327734
342 8941 0.112319 14579 0.078248 14302 0.551181 8649 0.258252
343 3158 0.025276 891 0.399101 4752 0.575623 14327 -0.000000
344 4513 -0.016920 4432 0.017746 8549 -0.000000 68 0.999175
345 4967 0.248721 5080 0.438374 8551 0.000000 1017 0.312905
346 3372 0.361558 3374 0.142687 3373 0.495755 11408 0.000000
347 5166 0.384718 5211 0.134070 3460 0.481212 5430 0.000000
348 3431 0.106300 1096 0.659396 3430 0.234303 8559 0.000000
349 3361 0.978055 3430 0.020683 1057 0.001262 8560 0.000000
350 1030 0.830924 7814 0.000000 3360 0.069191 5065 0.099885
351 88 0.183193 3074 0.000000 2323 0.816807 4992 -0.000000
352 17 0.946587 2180 0.053413 2903 0.000000 7309 -0.000000
353 3986 0.660289 535 0.032285 2623 0.307427 12845 0.000000
354 11391 0.000000 646 0.292766 2680 0.580616 2624 0.126618
355 673 0.244130 12777 0.000000 4158 0.004558 4058 0.751312
356 2804 0.789097 5399 0.000000 2803 0.051103 2802 0.159801
357 3813 0.208399 4138 0.688450 4139 0.103151 9064 0.000000
358 3812 0.423982 13642 0.000000 569 0.203350 2519 0.372668
359 4558 -0.033668 13627 0.036228 42 1.028432 2514 -0.030993
360 783 -0.011738 4358 0.329394 4354 0.682344 8182 -0.000000
361 12570 0.362510 13806 0.121640 13804 0.206156 12844 0.309694
362 1282 0.329144 6560 0.182853 7853 0.088271 11395 0.399732
363 5845 0.429883 5847 0.140915 5849 0.407549 5993 0.021653
364 1190 0.438214 8833 0.119510 10011 0.348204 14488 0.094071
365 9077 0.191716 9072 0.036996 9073 0.342639 9075 0.428649
366 12039 0.267902 14195 0.221199 13639 0.083758 13622 0.427141
367 4687 0.333333 13654 -0.000000 3038 0.021894 4688 0.644772
368 7273 -0.000000 3009 0.126796 3007 0.348828 3008 0.524375
369 6126 0.752233 1689 0.164499 6794 0.066164 6129 0.017104
370 5513 0.624624 1283 0.356536 9324 0.012637 9333 0.006203
371 9697 0.355598 9330 0.223136 9323 0.090863 9326 0.330403
372 5691 0.443230 1423 0.003396 12575 0.068441 12577 0.484934
373 7358 0.000010 13315 0.252838 12704 0.052740 12706 0.694411
374 7796 0.099165 2105 0.482576 7798 0.025653 7797 0.392605
375 4686 0.003012 4685 0.663655 907 0.333333 8053 -0.000000
376 10542 -0.000000 2284 0.238567 429 0.761433 4517 0.000000
377 10545 0.000000 3290 0.402162 4968 0.594539 1018 0.003299
378 244 0.009361 4969 0.786954 5059 0.203685 7047 0.000000
379 5059 0.098738 6790 0.000000 5178 0.188653 5165 0.712608
380 5163 0.536051 1095 0.440158 3441 0.023791 12579 0.000000
381 5066 0.236937 1057 0.168551 5067 0.594512 13338 0.000000
382 3262 0.192428 5065 0.065688 994 0.741884 7815 0.000000
383 2324 0.972082 88 0.027918 3262 -0.000000 8051 0.000000
384 377 0.984376 2181 0.015624 4360 0.000000 12633 -0.000000
385 617 0.110646 3918 0.272453 3917 0.616901 12628 0.000000
386 10273 0.000000 160 0.244710 2768 0.532554 3988 0.222737
387 4177 0.507948 672 0.322391 4057 0.169660 13389 0.000000
388 12880 0.000000 4227 0.426435 4141 0.475119 4178 0.098446
389 2735 0.216649 2734 0.414482 2733 0.368869 5748 0.000000
390 3809 0.123202 8037 0.000000 3810 0.415698 571 0.461100
391 2231 0.015624 8031 0.000000 2517 -0.000000 402 0.984376
392 785 0.473467 4524 0.526533 9620 0.149620 5655 -0.149620
393 12632 0.250844 1400 0.217621 9625 0.478866 10132 0.052668
394 8663 0.253888 10481 0.516019 7375 0.058304 14329 0.171789
395 10279 0.727775 9338 0.213970 9662 0.041455 9337 0.016801
396 5673 0.275418 9660 0.341687 8832 0.255813 11772 0.127082
397 6782 0.012749 12831 0.143009 12830 0.015331 11770 0.828910
398 2090 0.125446 13009 0.727226 13107 0.057915 13011 0.089413
399 13628 -0.154087 4563 0.333333 13626 0.154087 3037 0.666667
400 3015 0.874147 2908 0.125853 9622 0.213839 5910 -0.213839
401 9241 0.028023 1254 0.185854 9242 0.704265 6127 0.081858
402 12173 0.082755 5703 0.724979 5511 0.036422 5700 0.155844
403 7145 0.397716 9332 0.298133 9328 0.093874 9329 0.210277
404 12708 0.435007 6323 0.112668 6317 0.067211 6321 0.385114
405 8694 0.164466 2065 0.285640 14363 0.118121 14364 0.431773
406 2097 0.325346 13109 0.114535 13108 0.325097 14027 0.235022
407 3107 0.283713 3108 0.382954 858 0.333333 13624 -0.000000
408 5908 -0.000000 2285 0.460620 69 0.539379 3016 0.000000
409 1018 0.004125 3291 0.346809 3355 0.649066 10545 0.000000
410 5058 0.319179 7049 0.000000 5060 0.341802 1055 0.339019
411 5178 0.340768 5177 0.631663 3440 0.027568 11789 0.000000
412 3440 0.282126 11787 0.000000 3425 0.603239 3441 0.114635
413 10948 0.000000 4916 0.416372 3426 0.194409 235 0.389219
414 4914 0.201796 8387 0.000000 4915 0.342267 993 0.455937
415 2325 0.691381 449 0.308619 4914 -0.000000 8386 0.000000
416 18 1.003295 3916 0.021768 2478 -0.025063 7361 0.000000
417 616 0.037038 7362 0.000000 2605 0.399040 3964 0.563922
418 2606 0.342501 2765 0.604973 638 0.052526 9007 0.000000
419 720 0.443389 8726 0.000000 2767 0.015117 4176 0.541493
420 12879 0.000000 2808 0.750494 721 0.136466 2809 0.113039
421 4218 0.091696 4219 0.887562 3951 0.020742 11059 0.000000
422 3950 0.456276 12923 0.000000 3811 0.415698 572 0.128026
423 2232 -0.020180 7570 0.000000 2518 -0.000000 43 1.020180
424 4366 0.671990 4365 -0.005323 4364 0.333333 7805 -0.000000
425 12711 0.124867 1564 0.238394 10134 0.134496 10135 0.502244
426 7353 0.088758 5520 0.195093 9342 0.695444 12702 0.020705
427 13390 0.100687 9334 0.399342 9665 0.368042 7349 0.131930
428 8795 0.373797 14457 0.133301 5674 0.002948 9663 0.489954
429 7434 0.351032 5896 0.118049 7435 0.303375 6778 0.227545
430 2074 0.444366 13013 0.377850 13113 0.091209 13110 0.086575
431 857 0.221501 7637 -0.000000 4635 0.111833 4562 0.666667
432 787 0.328506 4364 0.004827 2907 0.666667 5911 -0.000000
433 1255 0.046333 9243 0.060206 9247 0.690994 10931 0.202466
434 9244 0.048016 1253 0.192979 9711 0.654574 9245 0.104430
435 7284 0.472678 12595 0.079023 12593 0.302183 7447 0.146116
436 6318 0.268940 6319 0.699001 10940 0.013112 10937 0.018946
437 10943 0.168040 6642 0.329155 1788 0.001489 6638 0.501315
438 13110 0.137627 13111 0.280758 1904 0.521113 6637 0.060503
439 4564 0.425480 8443 -0.000000 4634 0.241187 857 0.333333
440 2286 0.985023 4834 -0.000000 6314 0.000000 430 0.014977
441 959 0.648154 4834 0.253192 4835 0.098654 5477 0.000000
442 5061 0.307034 4836 0.535009 223 0.157957 5474 0.000000
443 11784 0.000000 5156 0.142386 5158 0.848898 1092 0.008716
444 12344 0.000000 5154 0.177841 5156 0.178757 3424 0.643403
445 10947 0.000000 5076 0.289688 5074 0.226336 1060 0.483976
446 11539 0.000000 3310 0.269914 1033 0.036204 3367 0.693882
447 8442 0.000000 89 0.629459 2326 0.370541 3310 -0.000000
448 2182 0.233535 6495 0.000000 2477 -0.000000 378 0.766465
449 3735 0.383606 3736 0.544693 2628 0.071700 10677 0.000000
450 4173 0.055605 12699 0.000000 2683 0.769568 3966 0.174827
451 4174 0.122213 4063 0.638740 675 0.239046 5895 0.000000
452 167 0.576433 6383 0.000000 2800 0.223603 2801 0.199964
453 631 0.039333 2799 0.931682 4217 0.028985 11060 0.000000
454 4217 0.302269 4218 0.063327 633 0.634404 11058 0.000000
455 403 0.766465 12798 -0.000000 2232 0.233535 3039 0.000000
456 4365 0.191202 6494 -0.000000 4435 0.475464 786 0.333333
457 6336 0.061245 1793 0.231932 7290 0.084250 6340 0.622574
458 10673 0.213712 10675 0.176022 7354 0.033030 12668 0.577236
459 10107 0.451688 10108 0.021793 7350 0.005644 10109 0.520875
460 10120 0.418080 10118 0.298797 10119 0.176159 1556 0.106964
461 9790 0.291028 5896 0.135484 5897 0.005960 5899 0.567528
462 1456 0.182091 9789 0.286706 12794 0.328520 12376 0.202683
463 3039 0.379793 12799 -0.000000 3040 0.286873 860 0.333333
464 786 0.333333 4362 0.625297 10979 -0.000000 4363 0.041370
465 10932 0.064818 10981 0.535925 10933 0.144203 1785 0.255054
466 5857 0.246750 8953 0.331577 10028 0.352512 1530 0.069160
467 14487 0.138002 10027 0.623223 12592 0.173163 10030 0.065612
468 5653 0.086943 1396 0.491699 9614 0.109707 9613 0.311651
469 1394 0.384769 6639 0.057655 9606 0.060227 8175 0.497350
470 8299 0.177627 8174 0.286706 2033 0.358389 12796 0.177278
471 4635 0.207557 3075 0.666667 860 0.125777 12797 -0.000000
472 430 0.615147 3218 -0.000000 10928 0.000000 2287 0.384853
473 4835 0.278278 3218 0.253192 960 0.468530 8822 0.000000
474 8820 0.000000 4837 0.471643 4843 0.475465 4842 0.052892
475 1091 0.198888 14486 0.000000 5157 0.347141 5206 0.453970
476 12342 0.000000 5155 0.790876 1091 0.083863 5154 0.125261
477 5648 0.000000 4998 0.615676 249 0.226214 5075 0.158109
478 11541 0.000000 1033 0.115009 3309 0.312715 4997 0.572276
479 450 1.078202 13937 -0.000000 2327 -0.078202 3075 0.000000
480 2183 0.446890 10816 0.000000 3734 -0.000000 19 0.553110
481 11225 0.000000 3989 0.429430 2626 0.357187 537 0.213383
482 4059 0.160482 10489 0.000000 647 0.535850 2682 0.303668
483 674 0.756386 4111 0.028027 6095 0.000000 4062 0.215587
484 4111 0.009454 632 0.406295 6417 0.000000 3949 0.584251
485 3946 0.169492 5740 0.000000 3948 0.641727 631 0.188782
486 3947 0.723938 3946 0.205404 631 0.070658 5740 0.000000
487 44 0.553110 5736 0.000000 3953 -0.000000 2233 0.446890
488 2943 0.404557 11266 -0.000000 2944 0.262109 788 0.333333
489 6254 0.683246 6256 0.012801 6258 0.052287 1760 0.251666
490 12611 0.082631 12612 0.290603 10674 0.044110 6192 0.582656
491 10101 0.257917 10102 0.128779 10104 0.354198 10103 0.259106
492 6418 0.223049 11112 0.268479 14582 0.220436 11107 0.288036
493 9795 0.282493 9797 0.369692 9610 0.054067 9798 0.293748
494 5739 0.353677 1457 0.147860 9794 0.260678 12383 0.237784
495 3042 0.166438 7160 -0.000000 4565 0.500228 859 0.333333
496 4363 0.028891 4436 0.333333 4369 0.637776 11264 -0.000000
497 8085 0.030176 6337 0.608311 8648 0.080544 1794 0.280970
498 14625 0.378332 5859 0.210260 8647 0.369089 5855 0.042319
499 14609 0.085160 8830 0.158932 9012 0.147667 8829 0.608241
500 2128 0.127233 8028 0.571259 13614 0.048039 13615 0.253470
501 1395 0.434467 9607 0.311877 9609 0.018757 9608 0.234899
502 12383 0.073153 12377 0.095384 12378 0.261630 12381 0.569834
503 859 -0.220233 12379 -0.000000 4566 0.553567 4567 0.666667
504 2287 0.245271 3219 -0.000000 10930 0.000000 70 0.754729
505 10977 0.000000 3219 0.197804 3222 0.719250 3223 0.082946
506 14301 0.000000 4842 0.160931 963 0.430437 4844 0.408632
507 5207 0.153396 14613 0.000000 5206 0.039754 3463 0.806849
508 3474 0.138847 8991 0.000000 3475 0.735557 1110 0.125596
509 3423 0.189549 13797 0.000000 3422 0.442039 3421 0.368412
510 4996 0.301947 1032 0.568705 5151 0.129348 8621 0.000000
511 12382 0.000000 2327 0.526946 90 0.473054 4996 -0.000000
512 9508 0.000000 2579 -0.000000 2184 0.782925 379 0.217075
513 11038 0.000000 3921 0.419976 619 0.547946 2579 0.032078
514 4060 0.031948 161 0.600405 3991 0.367648 7293 0.000000
515 2679 0.214618 671 0.108407 7564 0.000000 4112 0.676974
516 2713 0.467686 2595 0.486675 11105 0.000000 632 0.045639
517 574 0.000050 2596 0.412036 2594 0.587913 11703 0.000000
518 3815 0.224579 6737 0.000000 574 0.584718 3816 0.190702
519 404 0.217075 12564 -0.000000 2234 0.782925 3041 0.000000
520 9516 -0.000000 4367 0.411135 4368 0.333333 2909 0.255531
521 10814 0.317923 5596 0.302931 6371 0.192767 1358 0.186379
522 8215 0.304560 13843 0.359397 10819 0.100431 13842 0.235612
523 1672 0.068949 12990 0.454073 10486 0.275820 12991 0.201157
524 6447 0.162769 1819 0.092370 11113 0.636903 11175 0.107958
525 12686 0.002583 11108 0.785547 1818 0.203343 11704 0.008527
526 6835 0.081438 8599 0.258635 9796 0.163779 12562 0.496148
527 4568 0.168621 12565 -0.000000 3041 0.498046 4570 0.333333
528 9514 -0.000000 4368 0.039346 2946 0.666667 789 0.293988
529 5598 0.411609 8640 0.303359 7894 0.111569 1360 0.173463
530 8641 0.031215 1855 0.263739 14291 0.064347 14630 0.640699
531 14618 0.096815 9009 0.261380 1998 0.296488 12150 0.345317
532 1915 0.379664 11603 0.091626 11604 0.506569 14280 0.022141
533 1916 0.287692 11606 0.135390 8614 0.424761 14278 0.152157
534 8597 0.245217 8598 0.542173 2034 0.049796 8599 0.162814
535 861 0.120167 12563 -0.000000 4570 0.213167 4571 0.666667
536 13447 0.000000 2288 1.000000 3223 0.012206 4838 -0.012206
537 13451 0.000000 4838 0.311208 961 0.610663 4839 0.078128
538 14293 0.000000 3465 0.235628 224 0.149782 4840 0.614591
539 5218 0.209989 5217 0.090947 3464 0.699064 14610 0.000000
540 5216 0.608916 14621 0.000000 3474 0.137159 5217 0.253925
541 5152 0.422742 1090 0.142515 5153 0.434742 8624 0.000000
542 3264 0.166728 5151 0.079632 996 0.753639 8622 0.000000
543 8620 0.000000 2328 1.000000 3263 -0.070244 3264 0.070244
544 9510 0.000000 3919 -0.000000 379 0.159882 2185 0.840118
545 4007 0.038233 618 0.925179 11132 0.000000 3920 0.036588
546 653 0.107307 2645 0.697921 7054 0.000000 2644 0.194771
547 2678 0.502850 10749 0.000000 671 0.117355 4053 0.379794
548 4054 0.504992 2714 0.323664 145 0.171344 6442 0.000000
549 3818 0.828813 145 0.148105 6442 0.000000 3824 0.023081
550 2521 0.415282 575 0.432341 3817 0.152377 12687 0.000000
551 2235 0.840118 7272 0.000000 2521 -0.000000 404 0.159882
552 9512 -0.000000 2910 0.666667 789 0.176238 4438 0.157096
553 6370 0.179367 5597 0.346437 6699 0.264309 1359 0.209887
554 6250 0.362549 10803 0.073720 8724 0.111013 10813 0.452719
555 10808 0.414898 1736 0.280438 10744 0.221027 12988 0.083637
556 1737 0.259888 10746 0.067286 11169 0.543999 11168 0.128826
557 6838 0.033783 12692 0.350580 1836 0.109624 11854 0.506013
558 6838 0.322996 1959 0.136852 7347 0.122171 11857 0.417981
559 7270 -0.224893 7271 0.224893 4569 0.891560 4637 0.108440
560 13562 -0.000000 4438 0.333333 2945 0.492608 4437 0.174058
561 6697 0.725034 7893 0.114446 7895 0.115652 1854 0.044868
562 8453 0.295333 7035 0.136206 14099 0.273251 11273 0.295210
563 12156 0.537949 12157 0.053714 6784 0.030551 1946 0.377785
564 1917 0.264071 11607 0.599477 14620 0.040437 6786 0.096015
565 8665 0.195649 14330 0.421656 11853 0.298777 11608 0.083918
566 1958 0.448423 6836 0.276450 11851 0.242499 6837 0.032627
567 14256 -0.000000 3077 0.223127 4636 0.443540 4637 0.333333
568 13449 0.000000 431 0.808979 3220 -0.000000 2289 0.191021
569 11272 0.000000 3220 0.311208 4839 0.407436 962 0.281355
570 11274 0.000000 4841 0.712864 4850 0.247750 4849 0.039386
571 11774 0.000000 4850 0.256782 5218 0.347471 5273 0.395747
572 9002 0.000000 1113 0.135125 3520 0.492564 3519 0.372312
573 6678 0.000000 3521 0.006830 236 0.669816 4920 0.323353
574 14273 0.000000 4918 0.159497 995 0.173261 4919 0.667242
575 14254 0.000000 2329 0.337814 4918 -0.000000 451 0.662186
576 2480 -0.000000 11134 0.000000 2186 0.421753 20 0.578247
577 540 0.480708 4007 0.312552 11343 0.000000 2480 0.206739
578 4009 0.549782 653 0.085295 6534 0.000000 4008 0.364923
579 4052 0.458772 4051 0.198745 670 0.342483 6217 0.000000
580 4171 0.922541 14127 0.000000 578 0.042568 2762 0.034891
581 3823 0.451820 3825 0.261383 578 0.286797 12000 0.000000
582 2522 0.008304 2526 0.331803 2525 0.659894 6926 0.000000
583 2526 -0.000000 45 0.578247 2236 0.421753 3044 0.000000
584 11643 -0.000000 4371 0.633513 790 0.333333 4370 0.033154
585 11136 0.406257 8838 0.132008 1825 0.424722 8840 0.037012
586 11344 0.371898 10806 0.366532 6866 0.228542 10805 0.033029
587 10741 0.180914 1735 0.108268 11526 0.598563 10742 0.112255
588 10742 0.154441 11535 0.013046 9771 0.586148 12004 0.246365
589 12003 0.620813 9771 0.036769 11855 0.314843 9769 0.027575
590 6927 0.115716 13683 0.077005 13685 0.278381 11858 0.528898
591 13683 -0.000000 3044 0.474410 3043 0.192256 863 0.333333
592 11640 -0.000000 790 0.333333 4437 0.289379 4373 0.377287
593 6499 0.624129 11268 0.326495 8840 0.034978 11644 0.014397
594 6498 0.599563 7678 0.115533 7679 0.004037 7680 0.280867
595 13177 0.267318 11525 0.375404 13181 0.335405 6785 0.021872
596 6772 0.441714 6773 0.154914 6775 0.021583 6776 0.381790
597 1447 0.424134 6775 0.178951 9769 0.210784 6773 0.186131
598 5729 0.164265 11852 0.578185 5725 0.106822 1447 0.150728
599 11851 -0.000000 3078 0.631187 3077 0.035480 863 0.333333
600 11271 0.000000 2289 0.605750 3221 -0.000000 71 0.394250
601 11270 0.000000 962 0.145174 3226 0.374349 3221 0.480477
602 13741 0.000000 4849 0.610805 4851 0.216649 3226 0.172546
603 11776 0.000000 966 0.818924 5273 0.057244 5272 0.123832
604 11761 0.000000 5272 0.069578 3519 0.337461 1101 0.592960
605 11765 0.000000 5179 0.111193 5181 0.860585 3442 0.028222
606 11762 0.000000 3442 0.455939 995 0.093557 3443 0.450504
607 11849 0.000000 91 0.745874 3443 -0.000000 2329 0.254126
608 2479 0.100319 3737 -0.100319 380 1.000000 14494 0.000000
609 3739 0.760282 14576 0.000000 3737 0.191483 2479 0.048235
610 2630 0.003257 132 0.516871 8392 0.000000 2631 0.479872
611 2693 0.783347 4172 0.016591 681 0.200062 8476 0.000000
612 681 0.078575 2762 0.448840 2763 0.472584 11537 0.000000
613 3821 0.597593 2764 0.329130 8076 0.000000 146 0.073276
614 576 0.222715 8078 0.000000 3819 0.285299 3820 0.491986
615 3819 -0.000000 2236 0.100319 405 0.899681 3043 0.000000
616 14495 -0.000000 4370 0.155585 4372 0.333333 2911 0.511082
617 6868 0.475838 8839 0.259876 8841 0.068894 1967 0.195392
618 14000 0.032690 11522 0.017772 6869 0.492657 1869 0.456881
619 1901 0.135565 11518 0.065007 11534 0.392927 11520 0.406501
620 11538 0.188474 11536 0.000774 9772 0.657948 11537 0.152804
621 7441 0.108642 8079 0.461839 7440 0.138772 7439 0.290746
622 8078 0.118878 1448 0.333333 14335 0.285299 8673 0.262489
623 14335 -0.000000 3043 -0.003518 4572 0.670185 4574 0.333333
624 12674 -0.000000 4372 0.210850 2948 0.666667 791 0.122483
625 8311 0.181689 12675 0.275430 1852 0.489131 12671 0.053750
626 7677 0.418195 8310 0.272924 8311 0.046145 8138 0.262736
627 6626 0.010889 6628 0.352621 6629 0.322286 6630 0.314204
628 9767 0.143373 6775 0.075599 6636 0.765755 9773 0.015272
629 5728 0.308800 9768 0.232210 7441 0.200709 9773 0.258282
630 1448 0.333333 5726 0.059436 12836 0.357363 5728 0.249868
631 862 0.333333 14201 -0.000000 4575 0.577148 4638 0.089518
632 2290 0.543677 12673 -0.000000 71 0.456323 2948 0.000000
633 13694 0.000000 4845 0.165985 3227 0.671070 964 0.162945
634 13740 0.000000 4851 0.260999 4847 0.146160 964 0.592841
635 13740 0.000000 4851 0.011540 4852 0.715090 4847 0.273370
636 9767 0.000000 4925 0.181615 5180 0.689193 5179 0.129192
637 9767 0.000000 4925 0.215554 5179 0.051357 998 0.733089
638 5728 0.000000 3266 0.389062 3265 0.487486 998 0.123451
639 12836 0.000000 2330 0.990045 452 0.009955 3265 -0.000000
640 3738 -0.000000 11917 0.000000 21 0.377610 2187 0.622390
641 3992 0.363617 539 0.347894 11918 0.000000 3738 0.288489
642 648 0.253916 2630 0.098462 8393 0.000000 2629 0.647622
643 2692 0.591796 4073 0.366831 14039 0.000000 4075 0.041373
644 4075 0.238252 2763 0.027129 2776 0.734619 9822 0.000000
645 3822 0.283819 6666 0.000000 3830 0.143212 2775 0.572968
646 577 0.714701 2523 0.030086 2524 0.255213 8544 0.000000
647 2524 -0.000000 2237 0.622390 46 0.377610 4573 0.000000
648 4440 0.238800 12669 -0.000000 791 0.094534 2912 0.666667
649 11916 0.680946 12675 0.227658 12670 0.047320 8841 0.044076
650 11912 0.584141 11919 0.320979 11914 0.061120 11911 0.033760
651 13418 0.597853 8394 0.012998 1968 0.234687 13417 0.154462
652 8722 0.071584 8721 0.129725 7440 0.125391 13413 0.673299
653 6666 0.492900 8722 0.128543 7440 0.113281 7443 0.265277
654 6667 0.562016 8673 0.104650 14202 0.285299 7442 0.048035
655 3046 0.068122 4573 0.598545 4639 0.333333 8544 -0.000000
656 4440 0.272012 2947 0.666667 791 0.061321 12672 -0.000000
657 12690 0.041857 7337 0.165190 2061 0.405991 12672 0.386962
658 13956 0.318420 7336 0.475893 13957 0.191031 8091 0.014656
659 7878 0.099921 7879 0.759980 2112 0.070449 7880 0.069650
660 12837 0.362229 1450 0.114334 6634 0.058029 7880 0.465408
661 7443 0.333333 12839 0.226080 8523 0.067268 12837 0.373319
662 7442 0.160396 7443 0.172937 12839 0.076930 12838 0.589736
663 4639 0.333333 14202 -0.000000 4638 0.344775 3079 0.321892
664 432 0.638559 12689 -0.000000 2290 0.361441 2947 0.000000
665 13695 0.000000 3224 0.260867 4845 0.576188 4846 0.162945
666 7878 0.000000 4848 0.209066 4846 0.674110 4847 0.116825
667 7878 0.000000 4848 0.505483 4847 0.005681 225 0.488836
668 3339 0.037630 3340 0.631055 225 0.331315 7878 0.000000
669 12837 0.000000 4924 0.555706 997 0.197391 3340 0.246902
670 12839 0.000000 3265 0.156689 4922 0.719860 4924 0.123451
671 12838 0.000000 452 0.757671 2331 0.242329 4922 -0.000000
672 4375 0.000000 2188 0.805170 11063 -0.000000 21 0.194830
673 2581 0.069149 621 0.552100 11739 0.000000 2582 0.378752
674 3994 0.184627 3926 0.319947 3993 0.495426 6906 0.000000
675 3994 0.134506 4073 0.251218 4074 0.614276 5413 0.000000
676 4185 0.523921 2774 0.372236 4186 0.103843 9827 0.000000
677 581 0.351530 3831 0.049636 3832 0.598835 11584 0.000000
678 2529 0.155670 11586 0.000000 579 0.759915 3831 0.084415
679 2238 1.000000 3046 0.000000 3826 -0.194830 2530 0.194830
680 792 0.333333 4374 0.000442 11061 -0.000000 4375 0.666225
681 11064 0.008040 11061 0.428819 1809 0.498523 7337 0.064618
682 11741 0.235043 11914 0.246605 11913 0.185939 7333 0.332413
683 13417 0.136554 9823 0.345094 9103 0.133131 9824 0.385221
684 1465 0.079643 14182 0.191345 14391 0.176589 9825 0.552422
685 6668 0.097065 8723 0.036212 14391 0.661772 11584 0.204950
686 11586 0.453105 11582 0.291305 11583 0.042028 11585 0.213562
687 3046 0.327512 3045 0.339154 8565 -0.000000 865 0.333333
688 792 0.366894 4439 0.666667 4440 -0.033561 12690 -0.000000
689 6388 0.136739 11064 0.165190 8090 0.405991 12690 0.292081
690 8087 0.175497 8088 0.228578 8090 0.166456 7334 0.429469
691 14036 0.179326 13416 0.043380 2112 0.035940 8088 0.741354
692 14182 0.384194 14183 0.004712 14036 0.605556 13416 0.005539
693 8522 0.555104 1274 0.249223 14183 0.190404 8524 0.005270
694 8521 0.445245 8522 0.300480 5799 0.062333 11582 0.191941
695 865 0.333333 11581 -0.000000 3079 0.112401 3080 0.554266
696 2291 0.733440 7345 -0.000000 432 0.266560 4439 0.000000
697 13691 0.000000 3225 0.355749 3224 0.481306 965 0.162945
698 4857 0.296530 965 0.662621 13692 0.000000 4848 0.040849
699 969 0.062622 4857 0.469994 14012 0.000000 3339 0.467383
700 969 0.061878 3338 0.669390 3339 0.268731 14012 0.000000
701 5041 0.336537 14038 0.000000 997 0.437609 3338 0.225853
702 5041 0.062903 4923 0.878903 997 0.058194 8524 0.000000
703 3080 0.000000 8521 -0.000000 2331 0.525298 92 0.474702
704 2189 0.196086 3923 -0.000000 6761 0.000000 381 0.803914
705 620 0.012164 3923 0.447900 3925 0.539936 11738 0.000000
706 2649 0.724043 162 0.104200 5413 0.000000 3926 0.171757
707 162 0.276532 2789 0.348239 2695 0.375230 5413 0.000000
708 725 0.634031 5414 0.000000 4204 0.285836 2788 0.080133
709 4187 0.151796 147 0.491495 3838 0.356708 9100 0.000000
710 3827 0.686324 580 0.169067 3829 0.144609 14224 0.000000
711 406 0.803914 2239 0.196086 2527 -0.000000 4576 0.000000
712 4376 0.333333 2913 0.391357 11066 -0.000000 4374 0.275309
713 11066 0.428819 11046 0.072657 11065 0.189697 1806 0.308826
714 11740 0.481648 11047 0.371702 9103 0.042202 9121 0.104448
715 9103 0.299059 9104 0.374332 5498 0.219294 9106 0.107315
716 9928 0.001199 9924 0.333796 9106 0.551830 9101 0.113175
717 9928 0.309529 9925 0.226384 9926 0.387832 9101 0.076255
718 14224 0.567408 1499 0.233019 5801 0.100314 9925 0.099259
719 4576 0.666667 4578 0.269930 864 0.063403 8836 -0.000000
720 2950 0.253296 4377 0.413371 4376 0.333333 6387 -0.000000
721 6387 0.338909 6388 0.089911 11046 0.165190 1699 0.405991
722 10586 0.135856 10587 0.039777 10588 0.364071 8087 0.460297
723 5499 0.030244 5500 0.743183 5503 0.198285 5502 0.028288
724 5499 0.038629 5501 0.374050 5503 0.558642 1274 0.028679
725 5501 0.023642 1274 0.280188 5800 0.548642 9307 0.147528
726 5797 0.302684 5798 0.190757 5800 0.136425 5801 0.370134
727 4578 0.069279 864 0.264054 14223 -0.000000 4579 0.666667
728 72 0.828320 6386 -0.000000 2291 0.171680 4377 0.000000
729 3231 0.412464 3230 0.186137 3225 0.401399 6386 0.000000
730 4858 0.364693 3230 0.621236 14014 0.000000 4857 0.014070
731 4859 0.130785 4858 0.428610 8366 0.000000 969 0.440605
732 4859 0.086125 5042 0.707726 969 0.206149 8366 0.000000
733 1035 0.399120 8391 0.000000 5041 0.413362 5042 0.187518
734 1035 0.082920 3312 0.912161 9305 0.000000 3311 0.004920
735 92 0.316538 4579 0.000000 5797 -0.000000 2332 0.683462
736 2914 0.000000 22 0.587003 6759 -0.000000 2189 0.412997
737 3924 0.400791 4010 0.414629 6760 0.000000 620 0.184580
738 4011 0.007401 2647 0.745914 654 0.246685 5423 0.000000
739 2648 0.079679 9119 0.000000 2695 0.069474 2694 0.850847
740 683 0.422139 4203 0.449591 4080 0.128270 9107 0.000000
741 3839 0.167353 9923 0.000000 3840 0.009236 584 0.823411
742 2528 0.031936 8836 0.000000 2533 0.776922 580 0.191142
743 2239 0.412997 47 0.587003 2528 -0.000000 4577 0.000000
744 11048 -0.000000 793 0.226423 4442 0.106911 2914 0.666667
745 11050 0.579112 11048 0.215329 8960 0.082108 11049 0.123451
746 6148 0.062026 1210 0.559876 10586 0.127186 11050 0.250912
747 14369 0.160009 10587 0.169894 9122 0.640844 5502 0.029253
748 1206 0.323006 9109 0.044122 9301 0.386658 9300 0.246214
749 1276 0.033789 9302 0.366101 9923 0.034342 9300 0.565769
750 8437 0.249253 14492 0.017475 1276 0.084080 14081 0.649191
751 864 -0.055759 4577 0.666667 8837 -0.000000 4641 0.389093
752 11044 -0.000000 2950 0.070919 2949 0.595748 793 0.333333
753 1698 0.242099 10580 0.361669 10582 0.193887 10581 0.202345
754 10581 0.024711 10584 0.116231 10583 0.070899 10589 0.788159
755 10585 0.406492 14369 0.062969 9306 0.152430 1275 0.378109
756 9307 0.261965 9306 0.467738 8391 0.018945 5807 0.251352
757 9307 0.013849 9303 0.326817 5807 0.326921 9305 0.332413
758 9305 0.000913 9937 0.255749 8438 0.410004 1276 0.333333
759 4640 0.534780 4641 0.333333 14083 -0.000000 3081 0.131887
760 11051 -0.000000 2292 0.915416 433 0.084584 2949 0.000000
761 10581 0.000000 3231 0.239929 967 0.209818 4853 0.550253
762 10584 0.000000 967 0.564442 4855 0.419636 4854 0.015921
763 226 0.198950 4855 0.387225 8364 0.000000 4859 0.413825
764 226 0.110374 5002 0.746061 4859 0.143565 8364 0.000000
765 5002 0.165840 1035 0.316564 5807 0.000000 5000 0.517597
766 5000 0.082920 3311 0.720941 9937 0.000000 4999 0.196139
767 2332 0.125319 4640 0.000000 8438 -0.000000 453 0.874681
768 2190 1.000000 2482 -0.110378 2481 0.110378 4378 0.000000
769 2482 0.144811 2481 0.104140 7283 0.000000 542 0.751049
770 3744 0.275606 4011 0.315149 4012 0.409244 5422 0.000000
771 4077 0.149854 4076 0.762510 682 0.087636 5424 0.000000
772 4078 0.216690 9123 0.000000 4080 0.153526 4079 0.629784
773 3836 0.049337 148 0.495022 3835 0.455641 9936 0.000000
774 3834 0.327369 14095 0.000000 582 0.420142 3833 0.252489
775 407 0.110378 3833 -0.000000 2240 0.889622 3047 0.000000
776 7283 -0.000000 4442 -0.059853 794 0.393186 4379 0.666667
777 6378 0.426346 6381 0.084382 6382 0.240321 11055 0.248951
778 6145 0.346911 6146 0.255433 6147 0.260960 6148 0.136696
779 8701 0.645187 6149 0.195505 14369 0.013829 10585 0.145479
780 5425 0.207411 1211 0.291279 5428 0.085408 5427 0.415902
781 9934 0.333333 5425 0.179992 9936 0.314712 9302 0.171963
782 14083 0.072329 9933 0.080844 14080 0.099316 14082 0.747511
783 3047 0.327444 14079 -0.000000 3048 0.339223 867 0.333333
784 11055 0.117977 11052 -0.117977 4441 1.215356 433 -0.215356
785 6381 0.333333 11051 0.247537 13939 0.288604 11052 0.130526
786 8273 0.333333 13939 0.168245 10584 0.403806 13908 0.094616
787 8280 0.584665 8282 0.106188 1213 0.279432 8283 0.029715
788 5806 0.243594 7040 0.481589 5808 0.185941 1211 0.088877
789 5808 0.339583 9937 0.148653 9934 0.333333 9932 0.178431
790 9932 0.256663 9933 0.410004 9935 0.143027 1500 0.190306
791 3081 0.343561 867 0.333333 14080 -0.000000 3082 0.323106
792 11052 -0.000000 433 0.629141 2293 0.370859 4441 0.000000
793 13909 0.000000 3228 0.790182 4854 0.163472 968 0.046346
794 13908 0.000000 4854 0.278167 4856 0.419636 968 0.302196
795 8280 0.000000 226 0.269274 4865 0.615652 4856 0.115074
796 7039 0.000000 226 0.000430 5001 0.638224 5142 0.361346
797 5001 0.165840 5000 0.125344 5808 0.000000 1034 0.708816
798 1034 0.082920 4999 0.529722 9932 0.000000 3445 0.387358
799 453 -0.065900 3081 0.000000 9933 -0.000000 2333 1.065900
800 382 0.310307 2191 0.689693 2915 0.000000 3741 -0.000000
801 3741 0.248951 3743 0.316545 541 0.434503 11446 0.000000
802 2634 0.487857 133 0.321567 2633 0.190575 6585 0.000000
803 4146 0.190852 2697 0.560159 4077 0.248989 9128 0.000000
804 2738 0.223054 11620 0.000000 4146 0.153763 4145 0.623183
805 11618 0.000000 587 0.168551 3845 0.523469 3846 0.307980
806 2532 0.159172 583 0.747511 2531 0.093317 8449 0.000000
807 2241 0.689693 2531 -0.000000 407 0.310307 4580 0.000000
808 2915 0.666667 12590 -0.000000 795 -0.013864 4380 0.347197
809 6382 0.269054 6587 0.397613 11448 0.248951 1807 0.084382
810 6380 0.348675 6585 0.317991 6588 0.137175 8274 0.196158
811 9127 0.474183 1215 0.138006 9128 0.089010 13265 0.298801
812 9129 0.200713 9130 0.664373 9131 0.108685 6649 0.026230
813 12146 0.214461 12145 0.239681 7417 0.027588 1212 0.518270
814 7027 0.093283 12141 0.207787 12146 0.487516 8449 0.211415
815 866 0.240091 4580 0.666667 4582 0.093242 14095 -0.000000
816 4380 0.333333 11053 -0.000000 2952 0.282579 4381 0.384088
817 1807 0.333333 13909 0.253487 11449 0.060024 11054 0.353155
818 8274 0.184294 6588 0.149040 13911 0.559966 13910 0.106700
819 8281 0.109289 972 0.023744 13919 0.809470 8283 0.057496
820 1214 0.334562 6649 0.534105 9131 0.047011 8284 0.084323
821 6653 0.573582 12167 0.036605 12145 0.300100 1691 0.089712
822 7026 0.137557 7028 0.557874 1691 0.074562 7029 0.230007
823 866 0.123823 7027 -0.000000 4582 0.209510 4583 0.666667
824 11054 0.000000 2293 0.342866 3229 -0.000000 73 0.657134
825 11054 0.000000 3229 0.484600 3234 0.423689 3235 0.091711
826 13911 0.000000 4864 0.437924 972 0.067838 4866 0.494238
827 13918 0.000000 972 0.348049 5141 0.558066 3413 0.093885
828 11554 0.000000 1087 0.844252 5183 0.096036 5182 0.059711
829 11558 0.000000 5183 0.217250 3444 0.402452 5182 0.380298
830 11557 0.000000 3444 0.350844 3445 0.143367 3268 0.505788
831 2334 0.333727 7026 -0.000000 4583 0.000000 93 0.666273
832 2584 -0.000000 4383 0.000000 2192 0.295754 23 0.704246
833 2584 0.192159 3995 0.730354 623 0.077487 6414 0.000000
834 2632 0.130927 11103 0.000000 649 0.600613 3996 0.268460
835 4083 0.255919 12697 0.000000 4081 0.159519 2696 0.584562
836 2739 0.871823 6687 0.000000 4083 0.019692 685 0.108484
837 6686 0.000000 2740 0.450541 3843 0.360399 3847 0.189060
838 12792 0.000000 585 0.545345 2538 0.276943 2537 0.177712
839 10886 0.000000 48 0.704246 2538 -0.000000 2242 0.295754
840 2916 0.458810 9905 -0.000000 4383 0.207857 4444 0.333333
841 6412 0.027368 6413 0.311674 6414 0.327625 1493 0.333333
842 11103 0.234596 11096 0.312860 11102 0.119210 11100 0.333333
843 7757 0.313881 2064 0.076330 13269 0.530561 7759 0.079227
844 7412 0.140112 11617 0.211904 7545 0.567738 7547 0.080246
845 13275 0.239236 7416 0.296236 7414 0.406634 7412 0.057893
846 10550 0.123246 10556 0.011327 1692 0.455226 10553 0.410201
847 4643 0.333333 3050 0.468858 4581 0.197809 10555 -0.000000
848 795 0.175086 5785 -0.000000 4444 0.158248 2951 0.666667
849 9907 0.548335 1493 0.333333 9909 0.050401 9908 0.067930
850 9908 0.069805 11099 0.560847 11100 0.333333 11101 0.036015
851 7759 0.133400 1497 0.491445 13268 0.104816 13267 0.270339
852 6650 0.216623 9914 0.078099 7756 0.331760 8285 0.373518
853 10548 0.185161 13926 0.373283 6650 0.156034 6651 0.285523
854 6132 0.083609 10549 0.384297 10550 0.194175 10556 0.337919
855 3083 0.341027 10556 -0.000000 4643 0.333333 4642 0.325640
856 2294 0.891362 2951 0.000000 434 0.108638 4860 -0.000000
857 970 0.597944 9907 0.000000 4861 0.334126 4862 0.067930
858 11099 0.000000 3415 0.339722 227 0.555176 4862 0.105101
859 9919 0.000000 3413 0.511096 1088 0.409274 3414 0.079630
860 5795 0.000000 5143 0.085214 5144 0.568157 5145 0.346629
861 5792 0.000000 5144 0.080025 5182 0.077084 4929 0.842891
862 4928 0.401128 3267 0.424237 1000 0.174635 11557 0.000000
863 454 0.879862 10552 0.000000 2334 0.120138 3267 -0.000000
864 2583 -0.000000 4382 0.000000 383 1.032094 2192 -0.032094
865 623 0.061220 3929 0.787259 2583 0.151521 14186 0.000000
866 3930 0.310916 3997 0.141512 163 0.547572 6888 0.000000
867 684 0.251056 4148 0.080934 4082 0.668010 12680 0.000000
868 4084 0.352980 4147 0.572604 684 0.074416 7340 0.000000
869 3853 0.440001 12807 0.000000 3844 0.494892 3852 0.065107
870 10890 0.000000 2535 0.279711 3842 0.448610 586 0.271679
871 10887 -0.000000 2242 -0.032094 408 1.032094 3049 0.000000
872 13991 -0.000000 796 0.173603 4384 0.159730 4382 0.666667
873 8344 0.657174 13990 0.119316 13991 0.009493 13992 0.214017
874 6888 0.621009 6890 0.160056 1817 0.124882 6891 0.094052
875 14331 0.336096 12970 0.481721 7008 0.027990 1975 0.154193
876 12968 0.813903 2062 0.065616 7340 0.100162 12679 0.020319
877 1777 0.110826 8401 0.677308 7763 0.155372 14043 0.056494
878 6289 0.022493 1776 0.490775 6358 0.159165 6357 0.327567
879 14075 -0.000000 3049 0.526809 4584 0.139858 4586 0.333333
880 4443 0.330197 796 0.333333 4385 0.336470 9910 -0.000000
881 11937 0.278934 11945 0.180758 9910 0.206975 13992 0.333333
882 12115 0.086379 11101 0.233829 12116 0.082804 11946 0.596988
883 9918 0.417671 9920 0.046526 1498 0.432672 12114 0.103131
884 5794 0.099452 1495 0.262159 9915 0.621053 9922 0.017335
885 13928 0.210983 7427 0.127110 2077 0.007654 12816 0.654252
886 11016 0.302027 11015 0.024899 8289 0.648619 6133 0.024456
887 11015 -0.000000 869 0.085711 4586 0.247622 3084 0.666667
888 434 0.379806 4443 0.000000 2295 0.620194 3232 -0.000000
889 4861 0.086389 9909 0.000000 971 0.845681 4863 0.067930
890 975 0.278915 4871 0.049346 12887 0.000000 3417 0.671739
891 3416 0.302358 5146 0.560720 12113 0.000000 5147 0.136922
892 237 0.054675 5793 0.000000 5140 0.830486 3342 0.114839
893 3343 0.485339 3342 0.186871 3341 0.327789 8966 0.000000
894 4927 0.371502 8287 0.000000 4926 0.052735 999 0.575763
895 94 0.425999 6131 -0.000000 3084 0.000000 2335 0.574001
896 3928 -0.000000 2918 0.000000 24 0.768433 2193 0.231567
897 3928 0.153929 4013 0.534823 7264 0.000000 622 0.311248
898 2650 0.308923 655 0.306176 11958 0.000000 2651 0.384900
899 12681 0.000000 687 0.331440 2699 0.186094 2698 0.482466
900 2741 0.637404 2742 0.289996 687 0.072600 12676 0.000000
901 2743 0.220545 590 0.217497 3854 0.561958 7424 0.000000
902 2541 0.719152 13922 0.000000 2536 0.004117 2542 0.276731
903 9159 0.000000 2243 0.231567 2536 -0.000000 49 0.768433
904 14185 -0.000000 797 0.333333 2918 0.562736 2917 0.103931
905 8525 0.034948 622 0.057371 14383 0.831333 8709 0.076348
906 6891 0.163168 1971 0.460565 11941 0.079183 11960 0.297084
907 6857 0.121267 8057 0.444132 8055 0.281581 5962 0.153020
908 12677 0.288774 8016 0.461945 12808 0.003365 8043 0.245917
909 12809 0.330218 12810 0.373222 6291 0.142197 12811 0.154362
910 6290 0.552112 6292 0.107683 1226 0.284984 8435 0.055221
911 4645 0.333333 9157 -0.000000 3052 -0.130381 4585 0.797047
912 2954 0.642514 797 0.333333 2953 0.024153 8711 -0.000000
913 11936 0.580426 11939 0.172423 1972 0.023356 11938 0.223794
914 12117 0.576471 12888 0.108446 11944 0.142027 1973 0.173056
915 5961 0.525598 1585 0.185784 5964 0.097792 7487 0.190825
916 8932 0.366120 8933 0.376129 8934 0.012816 8935 0.244936
917 7553 0.297464 14573 0.334950 12817 0.198101 7551 0.169484
918 1224 0.065607 9155 0.322947 8435 0.059334 6356 0.552112
919 4587 0.036464 4644 0.630202 868 0.333333 5440 -0.000000
920 74 0.845800 3239 -0.000000 8290 0.000000 2296 0.154200
921 973 0.510043 3239 0.150747 8291 0.000000 3238 0.339210
922 4869 0.161770 4873 0.718721 4872 0.119508 8713 0.000000
923 1086 0.090191 12111 0.000000 5138 0.623813 5137 0.285996
924 1050 0.048727 5139 0.328229 3411 0.623044 14598 0.000000
925 1050 0.090488 5044 0.696490 14572 0.000000 3412 0.213021
926 5043 0.047989 3314 0.311577 7760 0.000000 1037 0.640434
927 2336 0.942548 455 0.057452 4644 0.000000 5439 -0.000000
928 12136 0.000000 2194 0.348278 384 0.651722 2483 -0.000000
929 12137 0.000000 544 0.496873 2483 0.159807 3747 0.343320
930 3748 0.316910 134 0.079737 6278 0.000000 4015 0.603353
931 13604 0.000000 686 0.324517 4085 0.411162 4086 0.264320
932 686 0.074622 4088 0.877390 4149 0.047988 13593 0.000000
933 3851 0.554768 7422 0.000000 150 0.436653 3850 0.008578
934 2539 0.103245 14089 0.000000 3849 0.718327 3848 0.178428
935 409 0.651722 14065 0.000000 3848 -0.000000 2244 0.348278
936 12283 -0.000000 4387 0.311245 798 0.333333 4386 0.355422
937 7018 0.327864 7020 0.140215 7022 0.468553 7119 0.063369
938 1771 0.351044 11890 0.397806 7019 0.211738 11959 0.039412
939 6858 0.265364 11888 0.326472 11891 0.336835 11889 0.071330
940 8017 0.000839 13601 0.259640 13605 0.065481 13603 0.674041
941 14257 0.495781 13647 0.317046 1272 0.152941 13648 0.034232
942 1270 0.486466 9287 0.178243 9289 0.148499 9288 0.186792
943 14066 -0.375081 4590 0.333333 9158 0.375081 3051 0.666667
944 4446 0.206701 14385 -0.000000 798 0.126633 4445 0.666667
945 11942 0.241498 13931 0.396702 7118 0.226581 7119 0.135219
946 8032 0.410587 1588 0.055329 8650 0.328230 8035 0.205854
947 10226 0.378681 10220 0.204642 10223 0.096265 1589 0.320412
948 12962 0.046507 12953 0.046818 12960 0.610414 12957 0.296262
949 7554 0.427219 13583 0.323523 9294 0.219968 12973 0.029291
950 9289 0.073147 9299 0.166469 8001 0.192547 1225 0.567836
951 3085 0.354635 3086 0.312032 871 0.333333 9154 -0.000000
952 2296 0.076653 4867 -0.000000 8292 0.000000 435 0.923347
953 4868 0.558156 3236 0.193656 974 0.248188 13629 0.000000
954 13629 0.000000 4870 0.400181 4879 0.569981 4878 0.029838
955 5104 0.052383 1071 0.252434 7540 0.000000 5103 0.695182
956 3388 0.644127 3387 0.073579 3376 0.282295 12958 0.000000
957 5006 0.093752 3351 0.522324 12976 0.000000 250 0.383924
958 5003 0.308038 5005 0.369197 1036 0.322765 13270 0.000000
959 455 0.260718 2337 0.739282 9152 0.000000 5003 -0.000000
960 10964 0.000000 2195 0.442375 25 0.557625 3746 -0.000000
961 543 0.589402 10961 0.000000 3998 0.260832 3746 0.149766
962 2637 0.015353 2636 0.718292 2635 0.266355 6362 0.000000
963 689 0.369787 2701 0.495200 8015 0.000000 2700 0.135013
964 689 0.014152 2744 0.982036 2745 0.003812 7479 0.000000
965 3859 0.114922 3861 0.510979 593 0.374099 13595 0.000000
966 2540 0.277221 2546 0.028437 2545 0.694342 8445 0.000000
967 50 0.557625 5493 0.000000 2540 -0.000000 2245 0.442375
968 12284 -0.000000 2919 0.405343 799 0.333333 2920 0.261324
969 8039 0.037782 10960 0.460172 13645 0.056768 10963 0.445279
970 6279 0.213673 6280 0.162703 10868 0.154109 10860 0.469515
971 1770 0.064051 10862 0.499452 10863 0.148202 11074 0.288296
972 10863 0.041334 12876 0.146612 12179 0.609396 13598 0.202658
973 1271 0.416424 12078 0.092145 12177 0.023890 9291 0.467542
974 5494 0.024192 5495 0.034944 5497 0.683241 1271 0.257624
975 4589 0.530822 5496 -0.000000 4588 0.135845 870 0.333333
976 12286 -0.000000 4388 0.333333 4389 0.034976 2956 0.631690
977 8040 0.074519 13643 0.424492 13644 0.389867 13645 0.111122
978 8352 0.457536 8353 0.128661 13999 0.138893 13997 0.274910
979 13996 0.513574 10091 0.155399 1554 0.304300 10093 0.026727
980 13954 0.057270 12080 0.620970 12961 0.061826 13746 0.259934
981 9292 0.253011 12079 0.539406 9295 0.173713 1273 0.033869
982 12081 0.225939 9297 0.609227 8308 0.162473 12079 0.002361
983 870 0.333333 12077 -0.000000 4591 0.500789 4646 0.165877
984 2297 0.307507 3237 -0.000000 12287 0.000000 75 0.692493
985 13632 0.000000 3242 0.665628 976 0.064896 3243 0.269476
986 13634 0.000000 4880 0.548326 4881 0.438130 4876 0.013543
987 5102 0.196506 1064 0.123179 13744 0.000000 5087 0.680315
988 5083 0.064289 3375 0.729982 5085 0.205729 13995 0.000000
989 5053 0.267061 3349 0.217223 1053 0.515716 8347 0.000000
990 3270 0.224668 1002 0.127759 8308 0.000000 5052 0.647573
991 4591 0.000000 3270 -0.000000 95 0.536227 2338 0.463773
992 11679 0.000000 2196 0.392511 385 0.607489 2585 -0.000000
993 11029 0.000000 625 0.641449 2585 0.086127 3933 0.272424
994 3999 0.020665 4000 0.795084 3934 0.184251 9051 0.000000
995 688 0.436095 4089 0.510371 12875 0.000000 2791 0.053534
996 151 0.049131 2745 0.026386 7478 0.000000 4091 0.924483
997 3857 0.173591 151 0.326274 8956 0.000000 3858 0.500135
998 3855 0.283051 3856 0.663137 13423 0.000000 2543 0.053812
999 2246 0.392511 3855 -0.000000 3053 0.000000 410 0.607489
1000 6016 -0.000000 2971 0.363395 821 0.333333 2970 0.303272
1001 6720 0.541233 1627 0.030400 6724 0.047205 6723 0.381162
1002 11026 0.200451 5392 0.207288 5396 0.429847 1185 0.162413
1003 9062 0.091866 9052 0.281259 9054 0.045657 9059 0.581217
1004 7932 0.181515 7732 0.306080 13236 0.509739 13505 0.002665
1005 12180 0.113433 3857 0.071851 7728 0.409531 9862 0.405184
1006 7881 0.150341 13978 0.161279 13421 0.172054 13419 0.516325
1007 3054 0.229432 7881 -0.000000 873 0.333333 3053 0.437234
1008 4449 0.333333 10334 -0.000000 4447 0.674325 2955 -0.007658
1009 8041 0.078229 6861 0.456355 6722 0.084878 6862 0.380538
1010 5888 0.366182 5889 0.239334 1552 0.310762 5890 0.083722
1011 10100 0.462895 10090 0.101559 10097 0.352557 10092 0.082989
1012 8376 0.204049 13239 0.079607 13237 0.565712 14021 0.150632
1013 12175 0.327416 5767 0.549009 5768 0.117658 1477 0.005917
1014 1989 0.074612 7050 0.040860 12101 0.707526 6997 0.177001
1015 873 0.333333 12102 -0.000000 3087 0.648574 3088 0.018093
1016 10330 0.000000 2298 0.285349 4874 -0.000000 436 0.714651
1017 11898 0.000000 3240 0.313718 4875 0.621005 977 0.065277
1018 10096 0.000000 229 0.012041 4887 0.380077 4877 0.607882
1019 1063 0.057133 11878 0.000000 5086 0.400259 5148 0.542608
1020 5084 0.677022 6849 0.000000 1063 0.188377 5149 0.134601
1021 12073 0.000000 238 0.654051 4933 0.329515 4932 0.016434
1022 12103 0.000000 4931 0.827025 3269 0.006763 4930 0.166212
1023 3087 0.000000 4930 -0.000000 456 0.684012 2339 0.315988
1024 8371 0.000000 2197 0.299133 26 0.700867 3932 -0.000000
1025 4016 0.392281 10020 0.000000 3932 0.051502 624 0.556217
1026 656 0.105347 10016 0.000000 2653 0.074689 2654 0.819963
1027 13773 0.000000 2790 0.116954 2703 0.490359 691 0.392686
1028 7222 0.000000 596 0.125053 4206 0.150169 4205 0.724778
1029 596 0.256217 3866 0.341818 3868 0.401965 14056 0.000000
1030 2549 0.633567 2544 0.300094 2550 0.066339 3117 0.000000
1031 2247 0.299133 2544 -0.000000 4593 0.000000 51 0.700867
1032 8373 -0.000000 4473 0.270017 831 0.333333 3006 0.396650
1033 12872 0.660180 12874 0.020310 1931 0.032803 8374 0.286707
1034 8557 0.045747 1185 0.076226 12873 0.239053 14214 0.638973
1035 9048 0.187192 7929 0.244124 7933 0.295231 1187 0.273452
1036 2049 0.483225 7928 0.301312 13238 0.017561 14377 0.197901
1037 8983 0.465221 8707 0.094730 8984 0.264175 14604 0.175874
1038 8958 0.408550 2048 0.254588 14585 0.149293 14054 0.187570
1039 13420 -0.000000 4593 0.780714 4765 -0.222439 872 0.441725
1040 11681 -0.000000 4471 0.333333 4448 -0.092432 4472 0.759099
1041 13182 0.672744 13183 0.314971 7795 0.011873 13186 0.000411
1042 13172 0.222166 13173 0.077671 1801 0.249433 11002 0.450730
1043 6351 0.374390 6353 0.227401 1553 0.097100 6354 0.301110
1044 13238 0.026400 1547 0.427795 5877 0.416118 13239 0.129687
1045 9865 0.378561 1479 0.333333 9867 0.012481 9866 0.275624
1046 8969 0.256483 8970 0.401334 14597 0.288029 9863 0.054154
1047 13422 -0.000000 872 0.310680 3174 0.044183 3176 0.645137
1048 10333 0.000000 2299 0.209965 3241 -0.000000 76 0.790035
1049 13184 0.000000 3246 0.697507 979 0.042404 3247 0.260088
1050 11006 0.000000 981 0.213007 3420 0.276687 4888 0.510305
1051 1089 0.147466 10076 0.000000 3418 0.504898 3419 0.347636
1052 10076 0.000000 1089 0.239372 5222 0.668475 3478 0.092153
1053 5033 0.111242 1047 0.843364 5031 0.045395 9865 0.000000
1054 3331 0.883440 8970 0.000000 1040 0.048698 3319 0.067862
1055 96 0.799462 2340 0.200538 3175 0.000000 3319 -0.000000
1056 4390 0.000000 14051 -0.000000 2198 0.010081 386 0.989919
1057 5853 0.000000 3752 0.099157 546 0.344410 3751 0.556433
1058 135 0.223616 8155 0.000000 4018 0.678740 4093 0.097645
1059 690 0.570015 4092 0.338887 4094 0.091098 13774 0.000000
1060 2756 0.594189 7219 0.000000 4095 0.181231 152 0.224581
1061 3865 0.352932 3864 0.455630 7218 0.000000 152 0.191438
1062 2547 0.171426 3862 0.232856 9834 0.000000 3863 0.595719
1063 411 1.000000 2547 -0.000000 3116 0.010081 4699 -0.010081
1064 4392 0.684253 8602 -0.000000 800 0.084469 4391 0.231279
1065 8414 0.147895 7474 0.706349 1528 0.097457 7477 0.048299
1066 14212 0.146684 6066 0.571518 14221 0.126274 10015 0.155524
1067 8219 0.506269 8221 0.099589 1653 0.180970 8222 0.213171
1068 7086 0.212938 7088 0.208653 2012 0.286225 7089 0.292183
1069 7178 0.332127 12415 0.140391 12411 0.255800 7221 0.271683
1070 1466 0.058311 9833 0.491239 12411 0.245782 12491 0.204669
1071 4701 0.263752 9831 -0.000000 4702 0.685352 3135 0.050895
1072 14108 -0.000000 4452 0.285049 4453 0.649310 823 0.065641
1073 8467 0.089120 7681 0.628131 7683 0.216576 2100 0.066172
1074 1513 0.368953 7675 0.556993 13174 0.009816 13176 0.064239
1075 7837 0.633575 5878 0.030625 6043 0.089373 1548 0.246428
1076 1549 0.101955 5879 0.262279 6042 0.291478 7977 0.344288
1077 13553 0.100220 13952 0.219941 13947 0.277170 13945 0.402669
1078 14595 0.116085 13950 0.214305 2139 0.510431 13951 0.159180
1079 4722 0.399463 14218 -0.000000 4724 0.159412 4723 0.441125
1080 13167 -0.000000 437 1.073451 2957 0.000000 2300 -0.073451
1081 3244 0.222257 980 0.190188 4883 0.587555 9969 0.000000
1082 9968 0.000000 4973 0.291773 4885 0.380441 230 0.327786
1083 10077 0.000000 3479 0.329250 3494 0.433757 3495 0.236993
1084 10080 0.000000 5224 0.304162 5241 0.453573 1115 0.242265
1085 3370 0.100508 251 0.794664 3497 0.104827 7101 0.000000
1086 5012 0.704891 1039 0.264559 14217 0.000000 3371 0.030550
1087 457 0.591172 2341 0.408827 3131 0.000000 5010 -0.000000
1088 2588 -0.000000 2200 0.342646 27 0.657353 2973 0.000000
1089 4002 0.101330 14373 0.000000 4001 0.727498 2638 0.171172
1090 2760 0.491328 651 0.250003 2639 0.258668 10739 0.000000
1091 4163 0.003870 8146 0.000000 716 0.490818 4162 0.505311
1092 4164 0.035666 4166 0.209734 5862 0.000000 717 0.754600
1093 12418 0.000000 3956 0.110728 634 0.800862 2759 0.088409
1094 14427 0.000000 635 0.215667 2598 0.781436 3956 0.002897
1095 9800 -0.000000 3056 0.000000 52 0.657353 2250 0.342647
1096 4475 0.482067 10179 -0.000000 4474 0.221303 2972 0.296630
1097 14371 0.260658 8499 0.560792 14376 0.029464 10172 0.149086
1098 9389 0.191870 13264 0.444697 10415 0.265990 6067 0.097444
1099 13848 0.571682 13849 0.336783 10736 0.068968 6214 0.022566
1100 14198 0.085311 13935 0.343749 12241 0.320021 10041 0.250919
1101 7183 0.671153 12421 0.138316 12420 0.113785 12245 0.076746
1102 7197 0.408129 2043 0.099869 7200 0.120265 7199 0.371736
1103 4726 0.615362 12886 -0.000000 4725 0.267729 3133 0.116909
1104 4482 0.481129 4481 0.369546 2976 0.149325 11590 -0.000000
1105 5825 0.219365 6843 0.498982 6844 0.125531 11868 0.156122
1106 6846 0.221986 1308 0.138242 11871 0.271500 13001 0.368272
1107 8917 0.091323 5780 0.182071 8919 0.150981 5782 0.575624
1108 12122 0.318064 9901 0.669032 1492 0.008962 9903 0.003942
1109 7952 0.388426 13526 0.096271 13525 0.377161 13524 0.138142
1110 6739 0.565395 14033 0.295966 7198 0.116505 13251 0.022134
1111 892 0.091097 4735 0.604504 3141 0.304399 13253 -0.000000
1112 77 0.581721 2302 0.418279 3462 -0.000000 2992 0.000000
1113 9971 0.000000 5205 0.090250 1024 0.332856 3461 0.576893
1114 4971 0.352867 6828 0.000000 4970 0.123956 1019 0.523177
1115 3292 0.410974 3294 0.381584 3293 0.207442 9893 0.000000
1116 5246 0.058880 10068 0.000000 5243 0.394073 3500 0.547047
1117 5079 0.234428 1061 0.173381 5244 0.592191 7010 0.000000
1118 5078 0.343428 1004 0.492231 5077 0.164342 11231 0.000000
1119 8728 -0.000000 3142 0.000000 2342 0.693095 97 0.306905
1120 3935 -0.000000 2201 0.895772 387 0.104228 2974 0.000000
1121 2658 0.491275 626 0.196828 3937 0.311896 8809 0.000000
1122 2793 0.665021 8490 0.000000 2705 0.291489 165 0.043490
1123 4170 0.432189 4210 0.230267 4209 0.337543 7896 0.000000
1124 4197 0.483809 4198 0.140349 4167 0.375841 5860 0.000000
1125 2784 0.482319 10035 0.000000 2758 0.470582 168 0.047099
1126 9807 0.000000 3963 0.207795 3960 0.396500 636 0.395705
1127 9803 -0.000000 4595 0.000000 412 0.104228 2251 0.895772
1128 4480 0.574234 834 0.283184 4484 0.142581 7748 -0.000000
1129 14151 0.151982 10876 0.238443 10870 0.074215 10873 0.535361
1130 9394 0.041851 9385 0.439032 9391 0.333743 9387 0.185374
1131 6170 0.336357 10635 0.182975 10631 0.267485 10632 0.213183
1132 13527 0.467830 10042 0.070467 9028 0.134193 12399 0.327510
1133 7746 0.167189 13256 0.406531 10850 0.036792 10853 0.389488
1134 5611 0.757517 7845 0.207311 5743 0.032200 5741 0.002972
1135 3115 0.470724 8954 -0.000000 3113 0.259229 874 0.270047
1136 837 0.382052 4498 0.503414 4497 0.114534 8082 -0.000000
1137 10500 0.349392 10512 0.247832 1680 0.232357 10506 0.170420
1138 13157 0.024820 11872 0.109883 11875 0.467810 11870 0.397487
1139 9089 0.332616 9091 0.249043 9092 0.187264 9093 0.231077
1140 1546 0.321270 12321 0.330958 10073 0.319287 12171 0.028486
1141 10066 0.289811 8596 0.238146 1545 0.041872 10065 0.430172
1142 14305 0.237052 11217 0.046261 9706 0.152327 1368 0.564360
1143 4651 0.317776 4689 0.288408 8117 -0.000000 893 0.393816
1144 438 0.044330 2303 0.955670 3298 -0.000000 4499 0.000000
1145 4979 0.173764 1022 0.548260 4976 0.277975 12653 0.000000
1146 5135 0.320172 6827 0.000000 3487 0.375999 245 0.303829
1147 1120 0.403693 8436 0.000000 5232 0.550660 3486 0.045647
1148 5187 0.204546 5248 0.505202 5233 0.290252 7043 0.000000
1149 3447 0.394109 7633 0.000000 3446 0.575625 3345 0.030266
1150 3346 0.093231 1003 0.511587 6469 0.000000 3344 0.395182
1151 4935 -0.000000 9701 0.000000 98 0.173314 2343 0.826686
1152 2202 0.387147 388 0.612853 4394 0.000000 2487 -0.000000
1153 4020 0.344638 13855 0.000000 4021 0.013258 3756 0.642104
1154 4098 0.535607 14140 0.000000 692 0.119636 4096 0.344757
1155 8926 0.000000 4208 0.670335 172 0.175349 2687 0.154315
1156 5381 0.000000 2844 0.287989 2842 0.313266 2843 0.398744
1157 4143 0.620135 679 0.217233 4072 0.162632 14175 0.000000
1158 10953 0.000000 2601 0.239014 153 0.097357 2602 0.663628
1159 2252 0.387147 8238 0.000000 413 0.612853 3870 -0.000000
1160 802 0.184834 4395 0.142940 4396 0.672226 14441 -0.000000
1161 8775 0.607800 14442 0.020158 13828 0.356593 13825 0.015449
1162 8585 0.234080 8588 0.670371 8586 0.078470 14347 0.017079
1163 10629 0.073813 6506 0.132116 14554 0.711577 8682 0.082493
1164 1174 0.217320 9031 0.422118 8916 0.259673 6503 0.100889
1165 14176 0.242309 14177 0.271989 10671 0.155730 9035 0.329973
1166 1687 0.265649 10532 0.505898 10535 0.039797 10533 0.188656
1167 11493 -0.000000 4698 0.734011 911 -0.008617 4709 0.274606
1168 4455 0.167791 825 0.171079 4457 0.661131 11128 -0.000000
1169 8947 0.281037 357 0.413181 7491 0.063031 7490 0.242750
1170 1952 0.698388 11809 0.159794 11810 0.076332 14348 0.065486
1171 5411 0.027941 1200 0.382609 9096 0.482084 12643 0.107366
1172 11067 0.054722 13515 0.524339 14617 0.294857 7738 0.126082
1173 11329 0.018141 6397 0.437286 6391 0.273909 11330 0.270664
1174 1584 0.083795 10213 0.161616 6464 0.526018 6467 0.228571
1175 13134 -0.000000 4694 0.423575 909 -0.026135 4692 0.602560
1176 2304 0.339144 4889 -0.000000 8489 0.000000 439 0.660856
1177 3297 0.557801 14096 0.000000 3296 0.364342 3295 0.077857
1178 5136 0.816075 3518 0.139558 1085 0.044366 6809 0.000000
1179 3517 0.239370 5410 0.000000 1133 0.702019 3516 0.058610
1180 3451 0.232614 6529 0.000000 1106 0.493622 3450 0.273763
1181 5185 0.723520 5192 0.250901 3449 0.025580 11332 0.000000
1182 11214 0.000000 5016 0.271533 3354 0.089518 5017 0.638949
1183 13135 0.000000 459 0.834726 3320 -0.000000 2344 0.165274
1184 8184 0.000000 2204 0.566007 2593 -0.000000 29 0.433993
1185 4005 0.147542 4006 0.541294 13810 0.000000 652 0.311164
1186 14527 0.000000 2769 0.578092 722 0.383972 2770 0.037936
1187 666 0.032038 4043 0.164370 4045 0.803592 14306 0.000000
1188 13807 0.000000 2685 0.230406 677 0.484342 4068 0.285252
1189 4064 0.175558 11219 0.000000 676 0.732949 2690 0.091494
1190 3880 0.811800 601 0.012776 3878 0.175424 9041 0.000000
1191 3058 0.000000 2254 0.566007 54 0.433993 10732 -0.000000
1192 13817 -0.000000 2927 0.363144 4402 0.088431 4404 0.548424
1193 328 0.243384 8194 0.032366 8195 0.335111 8395 0.389139
1194 8573 0.013732 1317 0.077581 8577 0.459496 8576 0.449190
1195 12584 0.141807 1314 0.528776 5551 0.027469 9404 0.301947
1196 6207 0.573122 11184 0.060710 11183 0.156681 10706 0.209488
1197 10651 0.132139 10300 0.474352 11020 0.067754 348 0.325755
1198 9628 0.148601 1405 0.761239 9627 0.057016 9631 0.033144
1199 4704 0.732860 4602 0.193927 4703 0.073213 6301 -0.000000
1200 13392 -0.000000 2993 0.302841 4501 0.583808 4502 0.113351
1201 8430 0.293105 7369 0.199127 8432 0.071678 6512 0.436090
1202 11635 0.634216 10840 0.076582 12870 0.263069 10839 0.026134
1203 14614 0.142256 12200 0.578417 11634 0.121055 1923 0.158273
1204 8379 0.016923 11068 0.131261 14022 0.679721 11070 0.172094
1205 7617 0.139065 8679 0.351427 8680 0.259604 7621 0.249905
1206 7622 0.326924 10987 0.291458 345 0.025639 7711 0.355978
1207 3163 0.241893 12187 -0.000000 3162 0.650083 3161 0.108024
1208 79 0.397528 3253 -0.000000 6259 0.000000 2306 0.602472
1209 986 0.258361 4897 0.203419 4899 0.538219 10855 0.000000
1210 5090 0.188114 6924 0.000000 1065 0.671156 5089 0.140730
1211 5219 0.643204 14578 0.000000 3476 0.303343 5220 0.053453
1212 8378 0.000000 5197 0.333497 5210 0.288590 262 0.377913
1213 1104 0.108284 5188 0.518570 5189 0.373146 9677 0.000000
1214 12190 0.000000 1006 0.030437 5056 0.730924 5055 0.238638
1215 3274 -0.000000 4653 0.000000 2346 0.735549 99 0.264450
1216 2206 0.111781 7499 0.000000 30 0.888219 2567 -0.000000
1217 4110 0.913595 3899 0.016117 4109 0.070288 7998 0.000000
1218 11575 0.000000 2860 0.272823 3974 0.458026 3973 0.269151
1219 4033 0.142198 14397 0.000000 4032 0.062366 2666 0.795436
1220 2610 0.675864 6156 0.000000 3892 0.101936 3893 0.222200
1221 607 0.130368 3896 0.056943 13366 0.000000 3968 0.812689
1222 3877 0.116507 5645 0.000000 3885 0.857584 3886 0.025909
1223 3882 0.056627 3060 0.053745 8409 -0.077359 55 0.966986
1224 805 0.151528 10801 -0.000000 4466 0.685179 4401 0.163293
1225 7238 0.109995 9020 0.376093 7650 0.244272 7236 0.269640
1226 310 0.376809 7860 0.276670 8190 0.051799 8072 0.294722
1227 11685 0.715471 11692 0.177474 11686 0.084372 1316 0.022683
1228 6522 0.117770 11317 0.167024 11318 0.399259 11321 0.315947
1229 10456 0.010152 12655 0.061244 12656 0.202221 10124 0.726383
1230 9722 0.033529 9726 0.265685 10997 0.597578 9750 0.103209
1231 4712 0.346677 916 0.209495 4741 0.443828 6058 -0.000000
1232 11313 -0.000000 826 0.024148 4505 0.716009 4460 0.259842
1233 330 0.270320 5967 0.597118 5969 0.020524 5968 0.112038
1234 5946 0.336244 359 0.431639 6692 0.001083 5947 0.231034
1235 10776 0.873591 1745 0.079574 11983 0.021051 7066 0.025783
1236 11201 0.733280 10047 0.045629 11199 0.046374 11200 0.174717
1237 5902 0.407577 9479 0.055266 9480 0.526501 9481 0.010656
1238 344 0.767502 5579 0.018471 7320 0.156263 6602 0.057765
1239 3151 0.423763 921 0.150491 3153 0.425746 13363 -0.000000
1240 4901 -0.000000 80 0.868430 2308 0.131570 2964 0.000000
1241 11188 0.000000 4896 0.104455 4958 0.272040 4957 0.623505
1242 1045 0.107383 5023 0.638874 3325 0.253743 11993 0.000000
1243 4954 0.367420 10772 0.000000 241 0.072063 4948 0.560517
1244 5863 0.000000 242 0.591448 3468 0.386688 3467 0.021865
1245 1046 0.067446 3455 0.175883 11381 0.000000 5030 0.756671
1246 8512 0.000000 1005 0.056512 4961 0.822523 4940 0.120965
1247 3276 -0.000000 4657 0.000000 2348 0.203825 100 0.796174
1248 31 0.999997 6150 -0.000000 2362 0.000000 2207 0.000003
1249 10594 0.000000 2352 0.012486 2490 0.000004 102 0.987510
1250 14336 0.000000 103 0.671260 2614 0.000004 2353 0.328736
1251 11646 0.000000 464 0.116225 2355 0.883773 3970 0.000002
1252 2562 0.000002 465 0.799761 2356 0.200237 5318 0.000000
1253 105 0.282721 2565 0.000002 2358 0.717277 7840 0.000000
1254 2560 0.000003 5301 0.000000 2360 0.180629 106 0.819368
1255 2257 0.000003 2368 0.000000 56 0.999997 2361 -0.000000
1256 2363 0.015487 10263 -0.000000 107 0.984510 2967 0.000003
1257 13574 0.000004 5371 0.536514 5308 0.181594 1143 0.281888
1258 13820 0.000002 5316 0.274759 3550 0.416960 5314 0.308279
1259 1146 0.342580 11820 0.000002 5322 0.277831 5313 0.379586
1260 6521 0.000002 5321 0.095232 5319 0.276404 5320 0.628362
1261 5330 0.714863 3558 0.265978 1151 0.019156 12555 0.000003
1262 1152 0.037550 5328 0.173082 13244 0.000003 5360 0.789365
1263 3578 -0.000000 3095 0.000003 109 1.014868 2370 -0.014871
1264 11625 0.000003 2365 0.189933 108 0.810066 3570 -0.000002
1265 5353 0.449381 5352 0.540106 5337 0.010509 13670 0.000003
1266 3581 0.244736 12868 0.000003 5366 0.383704 5365 0.371558
1267 1159 0.323879 6230 0.000002 3576 0.401560 3574 0.274559
1268 6457 0.000003 5350 0.545499 5349 0.387932 3589 0.066566
1269 1165 0.164426 7510 0.000002 5372 0.214881 5373 0.620690
1270 5356 0.116454 5355 0.815089 1164 0.068455 8744 0.000003
1271 3564 -0.000000 3137 0.000003 2371 0.189931 110 0.810066
1272 2374 -0.000000 2309 0.000003 81 0.999997 2367 0.000000
1273 7071 0.000000 111 0.792643 3284 0.000002 2376 0.207355
1274 7469 0.000000 2377 0.330925 5022 0.000002 112 0.669073
1275 5343 0.000000 3277 0.000002 2379 0.848840 476 0.151157
1276 4949 0.000003 2380 0.080220 477 0.919777 3567 0.000000
1277 11477 0.000000 2382 0.979324 4982 0.000002 478 0.020674
1278 115 0.676282 3573 0.000000 2384 0.323715 4944 0.000003
1279 2385 -0.000000 2373 0.000000 101 0.999997 2349 0.000003
