0 141 0.000000 661 0.000000 0 1.000000 1 -0.000000
1 44 0.069652 620 -0.000651 1 0.500839 0 0.430160
2 2 0.047392 1 0.927486 45 0.025345 620 -0.000223
3 2 0.549598 1 0.370105 45 0.081011 620 -0.000714
4 573 -0.000230 3 0.093687 46 0.043386 2 0.863157
5 2 0.309669 660 -0.071005 3 0.707942 143 0.053394
6 3 0.707721 47 0.076797 4 0.215986 621 -0.000503
7 3 0.140891 47 0.075858 4 0.783748 621 -0.000497
8 621 -0.000598 5 0.289973 48 0.061053 4 0.649572
9 660 -0.036183 5 0.883371 4 0.126643 145 0.026169
10 50 0.066542 6 0.406236 5 0.527753 622 -0.000531
11 146 -0.000001 715 0.000281 5 -0.001650 6 1.001370
12 715 -0.104054 7 0.592065 6 0.511687 147 0.000302
13 584 -0.000294 52 0.046397 7 0.851801 8 0.102095
14 584 -0.000562 52 0.088871 7 0.248403 8 0.663289
15 584 -0.054623 9 0.168620 601 0.045793 8 0.840209
16 53 0.064782 9 0.741042 8 0.194574 601 -0.000397
17 587 -0.000593 9 0.634273 10 0.283759 54 0.082562
18 587 -0.000306 9 0.086471 10 0.871274 54 0.042561
19 150 0.020623 661 -0.079854 10 0.566257 0 0.492973
20 73 0.499160 44 0.296294 49 0.206461 572 -0.001915
21 44 0.540845 73 0.190347 76 0.271002 572 -0.002193
22 44 0.171750 76 0.437286 45 0.393403 570 -0.002439
23 76 0.186157 577 -0.002539 78 0.409273 45 0.407109
24 580 -0.001525 46 0.399863 78 0.640751 45 -0.039089
25 46 0.304472 79 0.613438 580 -0.001682 78 0.083772
26 47 0.116170 578 -0.001474 79 0.497191 80 0.388114
27 88 0.013676 578 -0.000061 80 0.991264 74 -0.004878
28 581 -0.001738 88 0.239030 80 0.191799 48 0.570908
29 86 0.340931 581 -0.002052 50 0.042909 48 0.618211
30 86 0.325284 594 -0.001445 82 0.096661 50 0.579500
31 50 0.252303 51 0.149478 614 -0.002141 82 0.600361
32 82 0.268466 83 0.434895 51 0.299224 614 -0.002585
33 83 0.630395 84 0.169922 52 0.201290 608 -0.001606
34 83 0.186827 84 0.907694 52 -0.093663 608 -0.000858
35 84 0.390141 87 0.316056 53 0.295913 601 -0.002110
36 87 0.224784 601 -0.002249 85 0.404716 53 0.372749
37 85 0.633876 54 0.230752 598 -0.001330 81 0.136702
38 54 0.263939 49 0.094911 598 -0.001355 81 0.642505
39 73 0.296365 49 0.389783 81 0.315929 572 -0.002077
40 73 0.659905 55 0.286238 603 -0.002358 70 0.056215
41 73 0.135628 55 0.319267 76 0.547968 571 -0.002863
42 586 -0.001956 76 0.754126 90 0.081320 63 0.166510
43 577 -0.003103 76 0.196388 78 0.161600 90 0.645115
44 90 0.274188 77 0.431509 78 0.297801 580 -0.003498
45 79 0.280758 77 0.598967 74 0.122761 592 -0.002486
46 79 0.099268 77 0.136077 74 0.766599 592 -0.001945
47 88 0.511764 578 -0.002385 80 -0.114144 74 0.604765
48 589 0.007144 88 0.892706 64 0.106836 588 -0.006686
49 589 -0.003148 88 0.162211 86 0.631923 64 0.209014
50 589 -0.001813 89 0.468543 86 0.641210 82 -0.107940
51 612 -0.001486 75 0.144108 89 0.546561 82 0.310816
52 596 -0.001784 83 0.162737 75 0.734846 82 0.104201
53 83 0.154710 72 0.556281 615 -0.002277 75 0.291286
54 609 -0.002491 84 -0.032654 87 0.289951 72 0.745194
55 609 -0.003251 59 0.205522 72 0.138471 87 0.659258
56 87 0.674149 71 0.532642 85 -0.204619 600 -0.002172
57 71 0.707633 598 -0.002285 81 0.163934 85 0.130718
58 71 0.267072 597 -0.002619 70 0.416745 81 0.318801
59 73 0.379215 603 -0.002043 81 0.065411 70 0.557417
60 73 -0.025035 55 0.772204 603 -0.002943 70 0.255774
61 571 -0.003731 55 0.600232 76 0.141673 63 0.261826
62 586 -0.002702 76 0.346705 90 -0.001611 63 0.657608
63 68 0.262546 586 -0.002898 90 0.539067 63 0.201285
64 77 0.530524 586 -0.003454 90 0.042039 68 0.430892
65 77 0.587973 66 0.252653 593 -0.003194 67 0.162568
66 66 0.544745 592 -0.003389 74 0.447515 77 0.011129
67 66 -0.046445 588 -0.002751 65 0.613739 74 0.435457
68 65 0.286124 88 0.292965 588 -0.003486 64 0.424397
69 589 -0.004448 69 0.182201 64 0.572550 86 0.249697
70 589 -0.003512 89 0.263385 69 0.589775 86 0.150352
71 62 0.397561 75 0.084633 89 0.520519 612 -0.002713
72 61 0.307828 62 0.168259 613 -0.003214 75 0.527127
73 615 -0.004195 61 0.522978 75 -0.052171 72 0.533387
74 72 0.452883 60 0.320215 59 0.231386 631 -0.004484
75 609 0.092836 59 0.831331 87 0.157021 619 -0.081188
76 58 0.188996 619 -0.005195 71 0.404641 59 0.411558
77 58 0.181972 57 0.209653 71 0.612513 597 -0.004139
78 71 0.164998 57 0.379318 70 0.459765 597 -0.004082
79 603 -0.003348 55 0.135396 56 0.252274 70 0.615678
80 55 0.599444 115 -0.007340 56 0.211384 12 0.196511
81 11 0.240956 55 0.497273 96 -0.010408 63 0.272178
82 100 -0.022655 32 0.075598 96 0.018863 63 0.928194
83 68 0.732814 586 -0.002785 90 -0.103660 63 0.373631
84 68 0.559997 77 0.044423 593 -0.003556 67 0.399137
85 77 0.068351 66 0.302969 593 -0.003421 67 0.632101
86 99 -0.004018 66 0.848571 65 0.072958 27 0.082489
87 66 0.151083 99 0.072053 65 0.862811 588 -0.085946
88 65 0.391825 25 0.171849 64 0.444419 98 -0.008093
89 24 0.182996 69 0.232577 64 0.592414 111 -0.007987
90 69 0.794484 62 0.104234 97 -0.004738 23 0.106020
91 62 0.879837 612 -0.001778 89 0.017113 69 0.104829
92 61 0.694838 62 0.393417 613 -0.003087 75 -0.085168
93 61 0.606135 72 -0.040207 616 -0.003092 60 0.437163
94 72 -0.041853 60 0.801894 59 0.243417 631 -0.003458
95 631 -0.010313 18 0.196790 60 -0.032044 59 0.845568
96 17 0.031930 619 -0.006380 58 0.631697 59 0.342753
97 58 0.528245 57 0.403572 71 0.073198 597 -0.005015
98 597 -0.003161 57 0.794352 70 0.058924 56 0.149885
99 603 -0.002294 55 0.016788 56 0.811274 70 0.174232
100 55 0.362294 115 -0.012604 56 0.160971 12 0.489339
101 11 0.523908 55 0.317150 96 -0.015987 63 0.174929
102 31 0.024614 32 0.401395 100 -0.012151 63 0.586141
103 68 0.441245 31 0.415368 100 -0.013102 63 0.156489
104 68 0.277429 102 -0.011287 30 0.351488 67 0.382371
105 29 -0.037103 28 0.332621 67 0.714477 103 -0.009995
106 28 0.149252 66 0.570748 103 -0.013424 27 0.293424
107 65 0.558249 99 -0.014207 27 0.273781 26 0.182177
108 65 0.326533 25 0.484654 64 0.204033 98 -0.015220
109 24 0.498094 69 0.070134 64 0.446831 111 -0.015059
110 69 0.526300 62 0.045151 97 -0.012508 23 0.441057
111 62 0.657620 22 0.296952 97 -0.009753 23 0.055181
112 95 -0.013445 62 0.138593 61 0.452143 21 0.422709
113 61 0.262738 94 -0.012302 20 0.399569 60 0.349995
114 60 0.647725 18 0.286261 93 -0.012351 19 0.078366
115 18 0.323619 17 0.204824 59 0.490411 92 -0.018854
116 17 0.338360 619 -0.016585 58 0.600041 59 0.078184
117 105 -0.011329 58 0.483568 57 0.189661 15 0.338100
118 91 -0.010221 14 0.352046 57 0.594891 56 0.063283
119 14 0.054950 91 -0.007382 13 0.217063 56 0.735369
120 55 0.171542 115 -0.013156 56 0.118644 12 0.722970
121 55 0.271501 11 0.860561 96 -0.015246 12 -0.116816
122 31 0.065832 32 0.643038 100 -0.015216 63 0.306346
123 31 0.716935 68 0.333770 100 -0.014635 30 -0.036070
124 68 0.020517 102 -0.014426 30 0.658954 67 0.334954
125 29 0.295586 28 0.372814 67 0.347113 103 -0.015513
126 28 0.333123 66 0.275868 103 -0.017275 27 0.408284
127 65 0.272760 99 -0.017490 27 0.321268 26 0.423461
128 65 0.272206 25 0.732877 64 0.011406 98 -0.016489
129 24 0.697743 25 0.054715 111 -0.016742 64 0.264284
130 69 0.304504 24 0.024729 23 0.685330 111 -0.014563
131 62 0.357831 22 0.650999 97 -0.012738 23 0.003909
132 21 0.694066 95 -0.016052 20 0.017233 61 0.304753
133 61 0.018922 94 -0.014991 20 0.689386 60 0.306683
134 60 0.314136 18 0.326243 93 -0.017286 19 0.376907
135 18 0.453254 17 0.333187 59 0.235155 92 -0.021597
136 17 0.438166 58 0.336424 101 -0.017094 16 0.242504
137 58 0.353106 105 -0.014909 16 0.044036 15 0.617767
138 91 -0.013908 14 0.621114 15 0.051804 57 0.340990
139 14 0.089079 91 -0.012434 13 0.540708 56 0.382647
140 115 -0.008431 13 -0.047991 56 0.135815 12 0.920607
141 55 0.103936 11 0.951684 96 -0.010391 12 -0.045228
142 31 0.091585 32 0.820002 100 -0.011772 63 0.100185
143 31 0.821461 68 0.103220 100 -0.011972 30 0.087291
144 102 -0.012669 29 0.200188 30 0.721303 67 0.091178
145 29 0.540187 28 0.397352 67 0.076422 103 -0.013961
146 28 0.462938 66 0.058506 103 -0.014500 27 0.493056
147 65 0.062557 99 -0.014260 27 0.352637 26 0.599066
148 65 0.079264 25 0.779670 98 -0.012944 26 0.154011
149 24 0.796712 25 0.141444 111 -0.012838 64 0.074682
150 69 0.104679 24 0.061574 23 0.844706 111 -0.010958
151 62 0.136810 22 0.908995 97 -0.009460 23 -0.036345
152 21 0.787495 95 -0.013114 20 0.140735 61 0.084884
153 94 -0.012589 20 0.746974 60 0.086235 19 0.179380
154 60 0.068778 18 0.352616 93 -0.014963 19 0.593569
155 18 0.545479 17 0.424005 59 0.047664 92 -0.017148
156 17 0.451191 58 0.071137 101 -0.015175 16 0.492847
157 58 0.083854 105 -0.013358 16 0.256343 15 0.673162
158 91 -0.011777 14 0.768024 15 0.144084 57 0.099669
159 14 0.109719 91 -0.010711 13 0.778367 56 0.122625
160 115 -0.001096 13 0.080146 56 -0.021913 12 0.942863
161 55 -0.000000 11 1.000000 96 -0.000000 12 -0.000000
162 31 0.101236 32 0.927930 100 -0.001902 63 -0.027265
163 31 0.877491 68 -0.039640 100 -0.002607 30 0.164755
164 102 -0.004296 29 0.335729 30 0.743621 67 -0.075055
165 29 0.690676 28 0.405630 67 -0.090929 103 -0.005376
166 28 0.535500 66 -0.075985 103 -0.005168 27 0.545653
167 65 -0.067185 99 -0.004599 27 0.367117 26 0.704668
168 65 -0.048111 25 0.796640 98 -0.003250 26 0.254720
169 24 0.850324 25 0.195400 111 -0.002987 64 -0.042737
170 69 -0.018990 24 0.077820 23 0.942458 111 -0.001288
171 62 -0.000000 22 1.064588 97 -0.000000 23 -0.064588
172 21 0.837558 95 -0.003490 20 0.216960 61 -0.051028
173 94 -0.003833 20 0.767036 60 -0.063646 19 0.300444
174 60 -0.082310 18 0.364729 93 -0.005438 19 0.723019
175 18 0.598023 17 0.475040 59 -0.067445 92 -0.005618
176 17 0.456043 58 -0.092085 101 -0.005822 16 0.641864
177 58 -0.082227 105 -0.004832 16 0.385220 15 0.701839
178 91 -0.003084 14 0.850997 15 0.202013 57 -0.049926
179 14 0.116364 91 -0.002256 13 0.924187 56 -0.038295
180 115 0.111234 13 0.121395 56 -0.125692 12 0.893063
181 55 -0.065098 11 0.888540 96 0.134000 12 0.042558
182 100 0.136639 32 0.962210 96 0.001170 63 -0.100019
183 31 0.760499 68 -0.126638 100 0.136509 30 0.229630
184 102 0.128572 29 0.352979 30 0.684999 67 -0.166550
185 29 0.763706 28 0.290890 67 -0.186255 103 0.131659
186 28 0.443463 66 -0.154483 103 0.132165 27 0.578855
187 65 -0.137375 99 0.133757 27 0.290180 26 0.713438
188 65 -0.117581 25 0.723168 98 0.133335 26 0.261078
189 24 0.749592 25 0.231968 111 0.131519 64 -0.113078
190 97 0.019010 69 -0.094016 23 0.960987 111 0.114019
191 62 -0.080803 22 1.085429 97 0.134229 23 -0.138855
192 21 0.732646 95 0.137303 20 0.258155 61 -0.128105
193 94 0.128468 20 0.701714 60 -0.146615 19 0.316434
194 60 -0.157909 18 0.298982 93 0.140177 19 0.718751
195 18 0.550415 17 0.415503 59 -0.119049 92 0.153131
196 17 0.403338 58 -0.171377 101 0.141050 16 0.626989
197 58 -0.170184 105 0.131177 16 0.417371 15 0.621636
198 91 0.129689 14 0.762147 15 0.250226 57 -0.142063
199 14 0.014136 91 0.130644 13 0.988003 56 -0.132783
200 115 0.317332 55 -0.148289 96 0.092315 12 0.738642
201 55 -0.108608 11 0.540246 96 0.469867 12 0.098495
202 100 0.307850 32 0.695655 96 0.171207 63 -0.174712
203 31 0.388487 68 -0.179995 100 0.486920 30 0.304587
204 102 0.463935 29 0.233825 30 0.505559 67 -0.203319
205 29 0.771507 28 -0.017485 67 -0.231626 103 0.477604
206 66 -0.192316 99 -0.087618 103 0.565539 27 0.714395
207 65 -0.162899 99 0.481833 27 0.072602 26 0.608463
208 65 -0.144096 25 0.511582 98 0.476765 26 0.155748
209 24 0.422783 25 0.261766 111 0.469355 64 -0.153904
210 97 0.229781 69 -0.159327 23 0.690226 111 0.239320
211 22 0.702279 62 -0.180977 97 0.254878 95 0.223820
212 21 0.399266 95 0.491762 20 0.273040 61 -0.164068
213 94 0.461896 20 0.507584 60 -0.181001 19 0.211521
214 60 -0.171672 18 0.113362 93 0.507294 19 0.551016
215 18 0.363044 17 0.198935 59 -0.113952 92 0.551973
216 17 0.260419 58 -0.180057 101 0.511643 16 0.407996
217 58 -0.197940 105 0.474524 16 0.345031 15 0.378385
218 91 0.464423 14 0.430710 15 0.305499 57 -0.200632
219 13 0.801265 91 0.259056 115 0.173145 56 -0.233466
220 115 0.526690 55 -0.149788 96 0.175718 12 0.447380
221 55 -0.083929 11 0.156427 96 0.802358 12 0.125144
222 100 0.470214 32 0.349837 96 0.346880 63 -0.166931
223 31 -0.024390 68 -0.139559 100 0.834784 30 0.329165
224 68 -0.130271 102 0.726790 100 0.073172 30 0.330309
225 102 0.234988 29 0.388289 67 -0.200033 103 0.576756
226 66 -0.156852 99 0.197393 103 0.623957 27 0.335503
227 99 0.695564 65 -0.121921 98 0.128569 26 0.297788
228 25 0.281661 98 0.738165 111 0.077159 64 -0.096985
229 24 0.057175 25 0.256239 111 0.804194 64 -0.117608
230 97 0.450536 69 -0.144602 23 0.342401 111 0.351665
231 22 0.345336 62 -0.162159 97 0.486323 95 0.330500
232 21 0.029363 95 0.843545 20 0.237738 61 -0.110646
233 61 -0.118372 95 0.066345 20 0.321964 94 0.730063
234 94 0.075394 60 -0.103173 93 0.788081 19 0.239699
235 631 -0.058830 18 0.070095 92 0.898823 93 0.089913
236 17 0.133968 619 -0.060993 92 -0.010297 101 0.937322
237 58 -0.116301 105 0.815806 16 0.186826 15 0.113669
238 105 -0.032618 91 0.828835 15 0.365553 57 -0.161769
239 13 0.503618 91 0.368341 115 0.360534 56 -0.232493
240 55 -0.045495 121 -0.101165 115 0.838503 96 0.308157
241 55 -0.042662 121 0.083859 115 0.069589 96 0.889215
242 100 0.559395 63 -0.096212 96 0.461970 118 0.074846
243 102 0.130578 586 -0.080449 100 0.726921 110 0.222950
244 110 0.184773 593 -0.066023 116 -0.010111 102 0.891361
245 102 0.337398 116 0.185972 103 0.598044 593 -0.121413
246 66 -0.079163 99 0.380503 120 0.107657 103 0.591003
247 98 0.147041 99 0.676483 106 0.245998 588 -0.069522
248 98 0.866755 106 -0.027752 119 0.215359 588 -0.054362
249 98 0.139041 64 -0.056638 119 0.104444 111 0.813153
250 69 -0.076761 113 0.064477 111 0.407830 97 0.604454
251 97 0.544945 613 -0.123873 107 0.188892 95 0.390037
252 94 0.056416 613 -0.103995 95 0.839984 108 0.207595
253 108 0.203542 94 0.920722 616 -0.060996 104 -0.063269
254 104 0.314377 631 -0.083790 117 -0.063806 93 0.833219
255 117 0.419237 631 -0.071007 112 0.081420 92 0.570350
256 619 -0.063783 101 0.703166 114 0.143539 112 0.217077
257 109 0.082501 105 0.837984 114 0.125244 597 -0.045729
258 91 0.741160 105 0.166782 109 0.165092 597 -0.073035
259 13 0.111983 91 0.467071 115 0.548130 56 -0.127184
260 55 -0.064159 121 0.296776 115 0.642872 96 0.124512
261 121 0.417508 571 -0.081118 118 0.131117 96 0.532493
262 100 0.261028 63 -0.064372 96 0.193419 118 0.609926
263 110 0.643807 586 -0.072758 100 0.399180 118 0.029771
264 110 0.342637 593 -0.107941 116 0.284342 102 0.480962
265 102 0.109024 116 0.636487 103 0.362006 593 -0.107517
266 66 -0.066045 99 0.136911 120 0.578545 103 0.350588
267 99 0.318513 588 -0.066788 120 0.109471 106 0.638804
268 98 0.416588 106 0.246570 119 0.414405 588 -0.077564
269 589 -0.070128 111 0.489062 113 0.118965 119 0.462101
270 69 -0.075496 113 0.478391 111 0.226620 97 0.370485
271 97 0.294500 613 -0.097241 107 0.672009 95 0.130732
272 95 0.494049 108 0.471250 613 -0.126496 107 0.161197
273 108 0.416639 94 0.500898 616 -0.100496 104 0.182959
274 104 0.606988 631 -0.086946 117 0.148136 93 0.331822
275 117 0.679136 631 -0.046517 112 0.395780 92 -0.028399
276 619 -0.073894 101 0.218181 114 0.452078 112 0.403636
277 109 0.341554 105 0.401624 114 0.329658 597 -0.072836
278 91 0.464954 597 -0.082263 109 0.550311 122 0.066998
279 91 0.283938 603 -0.097892 122 0.394351 115 0.419603
280 603 -0.069227 121 0.602257 122 0.176109 115 0.290862
281 121 0.638600 571 -0.060736 118 0.290959 96 0.131177
282 130 0.146119 586 -0.028919 110 0.040018 118 0.842783
283 110 0.854943 586 -0.023977 100 -0.061964 118 0.230998
284 110 0.532792 593 -0.063436 123 -0.018251 116 0.548894
285 116 0.889037 120 0.162466 103 -0.020932 593 -0.030571
286 128 0.094826 591 -0.050649 120 0.852187 116 0.103635
287 106 0.600481 588 -0.052787 120 0.279558 126 0.172748
288 106 0.398727 119 0.578734 588 -0.048091 126 0.070630
289 589 -0.042531 111 0.067709 113 0.337226 119 0.637596
290 97 0.064431 612 -0.022124 113 0.930600 107 0.027092
291 612 -0.037682 132 0.077255 113 0.169805 107 0.790623
292 95 0.019706 108 0.646161 613 -0.062118 107 0.396251
293 108 0.639858 94 0.006728 616 -0.052931 104 0.406346
294 104 0.828969 117 -0.022201 617 -0.056032 129 0.249263
295 617 -0.067886 112 0.097664 129 0.632860 117 0.337362
296 112 0.111870 617 -0.077249 129 0.365287 114 0.600092
297 127 0.105514 109 0.463630 114 0.517595 618 -0.086738
298 91 0.068765 597 -0.055224 109 0.671695 122 0.314763
299 91 0.069359 603 -0.058703 122 0.784250 115 0.205095
300 121 0.609744 124 0.151238 603 -0.053336 122 0.292354
301 571 -0.044989 121 0.640806 118 0.056657 130 0.347526
302 571 -0.035791 121 0.024680 118 0.394087 130 0.617023
303 110 0.491410 123 0.184098 586 -0.055653 130 0.380145
304 110 0.181483 593 -0.057423 123 0.576256 116 0.299684
305 128 0.503254 591 -0.077902 116 0.506040 123 0.068608
306 591 -0.079742 128 0.540600 120 0.481037 126 0.058105
307 106 0.102325 588 -0.047747 120 0.253086 126 0.692336
308 595 -0.058517 119 0.424884 125 0.099261 126 0.534372
309 113 0.198769 595 -0.073385 119 0.436040 125 0.438576
310 132 0.163776 113 0.629137 125 0.266953 595 -0.059865
311 612 -0.053622 132 0.522976 113 0.189401 107 0.341246
312 132 0.500907 612 -0.053174 108 0.467062 107 0.085205
313 617 -0.091546 131 0.484270 108 0.433423 104 0.173853
314 617 -0.096716 131 0.412489 104 0.424235 129 0.259992
315 131 0.119037 127 0.017864 129 0.900599 617 -0.037500
316 617 -0.098097 127 0.293253 129 0.490731 114 0.314114
317 127 0.507866 109 0.295525 114 0.313448 618 -0.116839
318 122 0.433550 599 -0.091932 109 0.308658 127 0.349724
319 121 0.024490 124 0.165704 603 -0.035329 122 0.845134
320 121 0.327764 124 0.584831 603 -0.051203 122 0.138608
321 124 0.339588 121 0.280337 571 -0.047520 130 0.427595
322 124 0.079269 585 -0.025494 133 0.050032 130 0.896193
323 585 -0.045812 123 0.452105 133 0.109443 130 0.484265
324 591 -0.041525 128 0.143971 133 0.132453 123 0.765102
325 591 -0.039695 128 0.726227 133 0.016608 123 0.296861
326 591 -0.041507 135 0.032406 128 0.796094 126 0.213007
327 591 -0.055710 135 0.181178 128 0.247103 126 0.627429
328 595 -0.042331 135 0.030018 126 0.561239 125 0.451074
329 595 -0.035399 119 0.149777 125 0.885006 126 0.000616
330 132 0.309327 113 0.162267 125 0.583467 595 -0.055061
331 132 0.808879 113 0.044359 125 0.180032 595 -0.033270
332 610 -0.036280 132 0.690890 108 0.067198 131 0.278191
333 610 -0.040055 132 0.201044 108 0.124867 131 0.714143
334 617 -0.042433 131 0.814657 104 -0.002574 129 0.230351
335 131 0.409893 127 0.275817 129 0.404778 617 -0.090488
336 617 -0.054243 127 0.670095 129 0.453175 114 -0.069026
337 109 0.144533 127 0.893954 599 -0.055639 618 0.017152
338 122 0.361844 599 -0.078623 127 0.607911 124 0.108867
339 122 0.446418 599 -0.077160 127 0.161362 124 0.469380
340 124 0.958897 585 0.002358 606 -0.015166 133 0.053911
341 124 0.608167 585 -0.049892 133 0.206827 130 0.234898
342 124 0.265287 585 -0.058145 133 0.446292 130 0.346565
343 585 -0.043261 123 0.056585 133 0.699494 130 0.287182
344 591 -0.048261 128 0.164501 133 0.671851 123 0.211909
345 591 -0.055144 135 0.109587 133 0.489288 128 0.456270
346 591 -0.046893 135 0.523677 133 0.135050 128 0.388167
347 591 -0.033677 135 0.794952 128 0.090089 126 0.148636
348 595 -0.032116 135 0.605568 126 0.042478 125 0.384070
349 611 -0.046209 135 0.192948 125 0.641389 134 0.211872
350 132 0.183352 611 -0.061898 125 0.541333 134 0.337214
351 132 0.457347 611 -0.066080 125 0.198236 134 0.410498
352 131 0.158984 132 0.465624 134 0.438384 611 -0.062992
353 131 0.496572 132 0.165247 134 0.394556 611 -0.056375
354 134 0.285052 607 -0.055375 127 0.158738 131 0.611585
355 134 0.202309 607 -0.068102 127 0.421726 131 0.444068
356 134 0.212943 607 -0.060755 127 0.649450 131 0.198363
357 127 0.705774 124 0.144895 606 -0.071899 134 0.221230
358 127 0.591002 124 0.438241 599 -0.122810 606 0.093568
359 127 0.278150 124 0.756706 599 -0.034018 606 -0.000838
360 134 0.376965 124 0.562003 606 -0.074809 133 0.135842
361 134 0.287906 124 0.456307 606 -0.074044 133 0.329832
362 134 0.238986 124 0.314412 606 -0.067514 133 0.514116
363 134 0.234994 124 0.150208 606 -0.055856 133 0.670654
364 135 0.068305 611 -0.036582 133 0.720131 134 0.248147
365 135 0.276403 611 -0.041463 133 0.541227 134 0.223833
366 135 0.446949 611 -0.042471 133 0.344114 134 0.251408
367 135 0.563248 611 -0.039506 133 0.148084 134 0.328173
368 611 -0.036803 135 0.570224 125 0.026405 134 0.440173
369 611 -0.046830 135 0.331966 125 0.158353 134 0.556511
370 611 -0.047503 135 0.105615 125 0.241623 134 0.700265
371 132 0.062520 611 -0.043654 125 0.177858 134 0.803276
372 131 0.000210 132 0.162824 134 0.871206 611 -0.034241
373 131 0.171108 132 0.010763 134 0.849019 611 -0.030891
374 134 1.000780 607 0.226071 131 0.058122 611 -0.284972
375 134 0.701280 607 -0.049692 127 0.277460 131 0.070952
376 127 0.318187 124 0.102834 606 -0.080696 134 0.659675
377 127 0.267630 124 0.258559 606 -0.089780 134 0.563590
378 127 0.172038 124 0.420194 606 -0.088376 134 0.496143
379 134 0.497446 124 0.621154 606 -0.069733 133 -0.048867
380 134 0.743458 606 0.100476 611 -0.118346 133 0.274413
381 294 0.548188 641 -0.088208 289 0.200779 266 0.339240
382 294 0.702911 298 0.093813 626 -0.029711 268 0.232988
383 294 0.180188 298 0.633139 626 -0.042056 268 0.228729
384 265 0.224437 282 0.123976 298 0.688588 626 -0.037001
385 265 0.228585 282 0.646995 298 0.167943 626 -0.043523
386 282 0.681353 271 0.233943 291 0.125318 626 -0.040614
387 282 0.175726 271 0.232828 291 0.637759 626 -0.046313
388 685 -0.142996 280 0.122731 272 0.319700 291 0.700565
389 685 -0.165613 280 0.636771 272 0.337693 291 0.191149
390 262 0.247503 280 0.680843 626 -0.037048 283 0.108702
391 262 0.250211 280 0.170454 626 -0.043043 283 0.622379
392 281 0.102867 270 0.252088 626 -0.035289 283 0.680335
393 281 0.607858 270 0.253722 626 -0.042731 283 0.181150
394 281 0.647510 673 -0.062016 269 0.322356 297 0.092150
395 281 0.131677 673 -0.082153 269 0.351582 297 0.598894
396 673 -0.057341 296 0.041662 276 0.333820 297 0.681859
397 673 -0.086361 296 0.530979 276 0.368143 297 0.187239
398 641 -0.048740 289 0.045779 284 0.337923 296 0.665039
399 641 -0.088491 289 0.570717 284 0.368771 296 0.149003
400 294 0.023763 641 -0.048858 289 0.707272 266 0.317823
401 464 0.340470 687 -0.066236 472 0.403813 475 0.321953
402 687 -0.023687 472 0.760235 475 0.134926 477 0.128526
403 687 -0.050593 472 0.431825 477 0.199678 473 0.419090
404 703 -0.017429 477 -0.011664 476 0.119394 473 0.909699
405 476 0.273799 703 -0.049834 473 0.244496 465 0.531539
406 465 0.696857 703 -0.061005 479 0.336694 476 0.027455
407 703 -0.061021 457 0.466959 465 0.197096 479 0.396967
408 452 -0.053245 703 -0.041329 474 0.425494 457 0.669079
409 452 0.426340 703 -0.046965 474 0.469317 457 0.151308
410 452 0.547016 688 -0.046673 482 0.417274 474 0.082383
411 452 0.098118 454 0.416536 482 0.521627 688 -0.036281
412 688 -0.059953 454 0.499260 482 0.129569 468 0.431123
413 644 -0.058161 454 0.105709 468 0.545836 455 0.406616
414 480 0.449866 644 -0.082550 468 0.153384 455 0.479301
415 480 0.695162 458 0.396877 467 -0.069503 644 -0.022536
416 480 0.225780 458 0.386415 467 0.472327 644 -0.084522
417 644 -0.041949 449 0.319038 458 0.039093 467 0.683818
418 687 -0.018111 478 0.417438 449 0.627067 467 -0.026394
419 687 -0.070616 478 0.386854 464 0.530926 449 0.152836
420 475 0.262156 478 0.092128 464 0.687037 687 -0.041320
421 740 -0.153895 504 0.351128 507 0.351787 522 0.450981
422 523 0.132176 704 -0.091760 507 0.762953 522 0.196631
423 523 0.266823 513 0.340535 507 0.534273 704 -0.141631
424 523 0.162010 513 0.852675 507 0.070232 704 -0.084917
425 510 0.364276 724 -0.125143 498 -0.028291 513 0.789158
426 529 0.098972 510 0.839331 513 0.133831 678 -0.072134
427 678 -0.091308 511 0.259651 527 0.163607 510 0.668050
428 678 -0.065011 511 0.759173 527 0.177585 510 0.128253
429 678 -0.072531 511 0.665785 505 0.215744 526 0.191002
430 678 -0.055517 511 0.129756 505 0.700809 526 0.224952
431 637 -0.053832 518 0.206678 505 0.659942 502 0.187212
432 637 -0.057584 518 0.194712 505 0.203131 502 0.659742
433 524 0.226674 502 0.760581 743 -0.101485 501 0.114230
434 524 0.240968 502 0.290206 743 -0.160058 501 0.628883
435 493 0.030576 501 0.827304 521 0.200737 743 -0.058616
436 493 0.567334 501 0.444717 521 0.126900 743 -0.138950
437 490 0.118552 506 0.050794 654 -0.071951 493 0.902605
438 490 0.318867 506 0.469712 654 -0.141735 493 0.353156
439 490 0.208235 506 0.647086 504 0.243261 654 -0.098581
440 506 0.203996 504 0.564987 740 -0.100985 522 0.332002
441 339 0.537212 702 -0.064026 356 0.018956 350 0.507858
442 332 0.451519 702 -0.078055 339 0.050057 350 0.576480
443 332 0.439435 350 0.091450 343 0.513238 651 -0.044123
444 332 0.009504 651 -0.042198 343 0.612206 323 0.420488
445 651 -0.044586 323 0.465897 349 0.472871 343 0.105819
446 322 0.411886 651 -0.045788 323 0.078537 349 0.555364
447 321 -0.111582 651 -0.005209 322 0.603081 333 0.513710
448 321 0.471914 651 -0.021863 333 0.617272 347 -0.067323
449 321 0.389214 651 -0.035183 333 0.154437 347 0.491531
450 347 0.671219 729 -0.051117 342 -0.019066 327 0.398963
451 347 0.215725 729 -0.078430 342 0.488498 327 0.374208
452 684 -0.100493 352 0.269804 360 -0.130629 342 0.961317
453 342 0.295315 636 -0.077809 352 0.626900 569 0.155594
454 352 0.930785 370 0.050231 568 0.068642 684 -0.049658
455 352 0.445405 370 0.212651 568 0.454585 684 -0.112640
456 568 0.738096 370 0.195106 355 0.107232 684 -0.040434
457 636 -0.080000 355 0.290829 568 0.522188 348 0.266983
458 348 0.747956 355 0.329384 356 -0.047981 636 -0.029359
459 339 0.166827 348 0.546945 356 0.375037 702 -0.088808
460 339 0.611134 348 0.031747 356 0.434206 702 -0.077087
461 34 0.618417 33 0.494409 136 -0.111994 151 -0.000833
462 160 -0.000002 33 1.000007 151 -0.000005 136 0.000001
463 137 0.194979 140 0.521658 138 0.286493 169 -0.003130
464 33 0.548813 43 0.539632 136 -0.087748 160 -0.000698
465 43 0.931375 160 -0.000400 42 0.101351 140 -0.032325
466 43 0.393984 160 -0.000908 42 0.681021 140 -0.074097
467 42 0.807497 139 -0.073777 159 -0.000546 41 0.266826
468 42 0.242973 139 -0.085392 159 -0.000630 41 0.843049
469 40 0.352981 139 -0.112519 41 0.760351 158 -0.000813
470 139 -0.042141 40 1.040282 157 -0.155097 158 0.156957
471 40 0.698021 139 -0.095679 157 -0.000683 39 0.398340
472 156 -0.052076 139 -0.011158 39 1.011160 157 0.052074
473 138 -0.086363 39 0.534661 38 0.552476 156 -0.000773
474 138 -0.015094 38 0.979925 37 0.035310 155 -0.000141
475 138 -0.083946 38 0.476317 37 0.608382 155 -0.000753
476 36 0.179483 154 -0.000480 137 -0.055821 37 0.876818
477 36 0.771149 154 -0.000766 137 -0.089612 37 0.319230
478 36 0.820223 153 -0.000771 35 0.267938 137 -0.087390
479 36 0.251553 153 -0.000707 35 0.829295 137 -0.080141
480 152 -0.000747 35 0.660805 136 -0.101015 34 0.440957
481 152 -0.000365 35 0.098723 136 -0.048913 34 0.950555
482 231 0.009303 735 -0.067483 207 0.172891 208 0.885289
483 735 -0.095745 185 -0.008598 208 0.758738 218 0.345605
484 681 -0.055290 218 0.847385 208 0.136404 225 0.071501
485 224 0.412399 681 -0.115600 218 0.796588 220 -0.093387
486 224 0.893796 681 -0.086528 218 0.265946 220 -0.073214
487 224 0.667454 698 -0.135097 212 0.388128 233 0.079515
488 212 0.915598 224 0.174808 652 -0.050578 698 -0.039829
489 212 0.790785 226 0.065287 698 -0.166467 211 0.310395
490 212 0.291482 226 0.050407 698 -0.138930 211 0.797040
491 668 -0.120037 191 -0.035772 211 0.804954 201 0.350854
492 668 -0.103243 191 -0.032721 211 0.270824 201 0.865141
493 668 -0.092900 201 0.775927 221 0.030765 202 0.286208
494 201 0.173925 198 0.031850 202 0.849649 640 -0.055424
495 181 0.039243 640 -0.076195 203 0.333018 202 0.703934
496 223 0.054453 689 -0.058004 202 0.150301 203 0.853249
497 182 0.021697 640 -0.066549 206 0.332063 203 0.712788
498 206 0.832456 222 0.065455 203 0.155959 689 -0.053870
499 735 -0.104984 229 -0.018822 207 0.447837 206 0.675969
500 735 -0.067254 229 -0.010074 207 0.920481 206 0.156847
501 231 -0.020164 735 -0.116891 207 0.729802 208 0.407253
502 358 0.770424 384 0.106085 629 -0.045676 368 0.169167
503 358 0.308421 384 0.103541 629 -0.059522 368 0.647560
504 369 0.099829 383 0.052206 368 0.882291 629 -0.034326
505 369 0.534692 383 0.088109 368 0.447759 629 -0.070560
506 369 0.961263 383 0.035668 368 0.010361 629 -0.007292
507 388 0.094909 369 0.579362 357 0.389069 629 -0.063340
508 388 0.073320 369 0.123137 357 0.839914 629 -0.036371
509 357 0.698618 375 0.093681 629 -0.058135 367 0.265836
510 357 0.247744 375 0.081613 629 -0.055185 367 0.725828
511 362 0.193511 627 -0.048885 367 0.830283 338 0.025092
512 381 0.081928 362 0.617702 629 -0.058767 367 0.359137
513 341 0.006919 627 -0.030055 364 0.097226 362 0.925910
514 364 0.498095 362 0.454096 629 -0.060665 386 0.108474
515 364 0.939876 362 0.000286 629 -0.004099 386 0.063937
516 351 0.386366 372 0.137891 364 0.528278 629 -0.052534
517 351 0.847780 372 0.125099 364 0.045401 629 -0.018280
518 351 0.578304 359 0.306495 380 0.166571 629 -0.051370
519 351 0.098810 359 0.794733 380 0.136432 629 -0.029975
520 359 0.655015 358 0.246109 382 0.153634 629 -0.054758
521 359 0.201310 358 0.718636 382 0.130179 629 -0.050124
522 666 -0.135502 497 0.598988 478 0.212507 496 0.324007
523 666 0.009594 475 0.087271 497 0.953178 499 -0.050043
524 666 -0.127215 475 0.150964 497 0.539042 499 0.437209
525 488 -0.088779 666 0.022232 499 1.024022 477 0.042526
526 488 0.328045 666 -0.096184 499 0.664200 477 0.103939
527 488 0.969693 477 0.192924 476 -0.143583 733 -0.019034
528 494 0.358137 723 -0.140534 519 0.103021 488 0.679376
529 494 0.816924 723 -0.103721 519 0.125374 488 0.161423
530 494 0.636063 635 -0.109959 503 0.334300 534 0.139596
531 494 0.083436 635 -0.070029 503 0.816831 534 0.169762
532 535 0.243332 635 -0.125815 503 0.632167 500 0.250317
533 535 0.290808 512 -0.041107 635 -0.033331 500 0.783630
534 486 0.246251 512 0.327495 500 0.550738 730 -0.124485
535 486 0.689659 512 0.345996 500 0.030616 730 -0.066271
536 491 0.074927 486 0.615228 730 -0.100611 514 0.410456
537 491 0.592839 486 0.038028 730 -0.047989 514 0.417122
538 487 0.047315 517 0.514558 491 0.490956 708 -0.052829
539 487 0.488436 517 0.569352 491 -0.032970 708 -0.024819
540 487 0.334454 708 -0.069556 496 0.578661 517 0.156442
541 487 -0.082470 666 -0.014229 478 0.256773 496 0.839925
542 692 -0.116782 544 0.747441 540 0.345048 525 0.024293
543 692 -0.082663 544 0.232080 540 0.849121 525 0.001462
544 658 -0.089985 540 0.727860 563 0.125304 543 0.236821
545 658 -0.081224 540 0.251546 563 0.138499 543 0.691179
546 543 0.802755 695 -0.100087 530 0.205247 552 0.092086
547 543 0.356923 695 -0.140753 530 0.691655 552 0.092175
548 530 0.944255 545 0.134841 695 0.014962 720 -0.094059
549 695 -0.105234 545 0.519961 530 0.447661 566 0.137613
550 734 -0.027036 566 0.049887 564 0.202611 545 0.774538
551 734 -0.046763 539 0.377850 545 0.270957 564 0.397956
552 554 0.278485 734 -0.032862 564 0.156322 539 0.598055
553 734 -0.036786 547 0.345889 539 0.207968 554 0.482929
554 734 -0.060963 547 0.523285 554 0.247078 550 0.290599
555 714 -0.081935 550 0.500424 541 0.273014 547 0.308497
556 714 -0.056877 550 0.352526 565 0.188255 541 0.516096
557 714 -0.058878 531 0.089130 541 0.356459 565 0.613290
558 565 0.498115 531 0.345182 551 0.210513 714 -0.053810
559 742 -0.054512 551 0.805294 528 -0.006450 531 0.255668
560 692 -0.103476 551 0.608132 544 0.360099 528 0.135245
561 692 -0.071661 551 0.134997 544 0.886607 528 0.050057
562 538 0.105470 546 0.619962 533 0.343000 656 -0.068431
563 656 -0.178892 546 0.535923 533 0.185648 537 0.457321
564 679 -0.048060 537 0.655935 555 0.355995 546 0.036130
565 679 -0.106920 548 0.085485 558 0.493759 537 0.527676
566 679 -0.078567 548 0.552837 558 0.469845 537 0.055885
567 679 -0.097974 548 0.498321 567 0.469410 558 0.130243
568 648 -0.014044 548 -0.057771 529 0.295845 567 0.775970
569 567 0.480323 648 -0.121255 536 0.491303 529 0.149629
570 567 0.150152 643 -0.128155 566 0.079146 536 0.898858
571 559 0.173670 643 -0.139245 532 0.150730 536 0.814845
572 559 0.191236 643 -0.192422 532 0.534010 536 0.467176
573 706 -0.019876 532 0.906285 562 0.017252 559 0.096340
574 532 0.584151 706 -0.093370 562 0.177170 549 0.332049
575 532 0.172899 706 -0.080785 562 0.177176 549 0.730710
576 542 0.089379 706 -0.063884 549 0.804245 556 0.170260
577 542 0.475556 706 -0.131865 549 0.410173 556 0.246136
578 706 -0.053880 542 0.833524 560 -0.008026 556 0.228383
579 538 0.287279 542 0.628716 560 0.156441 706 -0.072436
580 538 0.792077 639 -0.086056 516 0.049348 542 0.244631
581 538 0.663882 546 0.220351 533 0.219875 656 -0.104107
582 700 -0.153595 492 0.050982 460 0.605456 471 0.497157
583 700 -0.077069 492 0.174444 460 0.137379 471 0.765246
584 471 0.675434 721 -0.104024 485 0.246916 481 0.181674
585 471 0.254961 721 -0.132954 485 0.251710 481 0.626283
586 495 0.161218 483 0.017154 481 0.846817 721 -0.025189
587 495 0.138020 483 0.480432 481 0.500399 721 -0.118851
588 675 -0.025295 650 0.020197 483 0.976806 481 0.028291
589 675 -0.104619 483 0.540709 453 0.168598 489 0.395312
590 462 -0.002452 675 -0.014009 453 0.268776 489 0.747685
591 508 0.095306 675 -0.074436 462 0.472318 489 0.506812
592 508 0.376134 675 -0.037088 466 0.068011 462 0.592944
593 508 0.291750 675 -0.072428 466 0.564377 462 0.216301
594 470 0.257033 719 -0.050343 461 0.046956 466 0.746355
595 470 0.308336 719 -0.191567 461 0.557875 466 0.325356
596 461 0.952278 466 0.098482 719 0.174335 674 -0.225095
597 461 0.646612 469 0.198728 463 0.308849 719 -0.154189
598 461 0.208085 469 0.131258 463 0.782216 719 -0.121559
599 677 -0.144019 484 0.090624 463 0.805834 460 0.247561
600 460 0.680524 442 0.135431 463 0.332288 649 -0.148243
601 463 -0.078094 700 -0.059904 460 1.007048 649 0.130950
602 645 -0.078846 451 0.152793 432 0.696256 439 0.229797
603 745 -0.042005 439 0.925763 432 0.157051 419 -0.040809
604 438 0.337798 439 0.504414 459 0.317629 738 -0.159841
605 438 0.514417 738 -0.166870 459 0.501234 434 0.151218
606 438 0.239951 738 -0.294902 459 0.393470 434 0.661481
607 438 -0.162903 434 1.157469 701 -0.135447 749 0.140881
608 413 0.188795 431 0.632987 701 -0.310648 434 0.488866
609 413 0.182568 431 0.858214 701 -0.075707 434 0.034925
610 701 -0.280459 431 0.740168 411 0.465801 694 0.074491
611 443 0.645883 431 0.013946 694 -0.052701 411 0.392872
612 443 0.637919 694 -0.161741 444 0.566877 411 -0.043055
613 694 -0.057044 429 0.094950 448 0.363059 444 0.599036
614 694 -0.037179 437 -0.123313 448 0.227396 429 0.933095
615 437 0.134442 645 -0.079432 417 0.383008 429 0.561982
616 437 0.198647 645 -0.053321 417 0.811582 429 0.043092
617 645 -0.162033 417 0.596090 415 0.240157 445 0.325786
618 645 -0.167014 417 0.113553 415 0.631056 445 0.422406
619 442 0.318614 645 -0.115550 415 0.712489 445 0.084447
620 442 0.403042 432 0.354250 415 0.485848 645 -0.243140
621 645 0.052852 451 0.154619 432 0.993897 439 -0.201368
622 395 0.098518 391 0.575262 393 0.455780 667 -0.129561
623 667 -0.032143 408 0.079780 395 0.141200 391 0.811163
624 731 -0.178066 377 0.308025 408 0.321373 391 0.548669
625 399 -0.062604 377 0.688226 408 0.433269 731 -0.058891
626 399 0.559322 377 0.479802 408 0.026233 731 -0.065356
627 377 0.015678 399 0.551201 376 0.481334 705 -0.048214
628 705 -0.028700 397 0.401687 399 0.001000 376 0.626014
629 376 0.223305 397 0.330049 374 0.520858 705 -0.074212
630 659 -0.017760 374 0.794229 394 0.215336 397 0.008195
631 659 -0.104924 392 0.508275 394 0.163682 374 0.432967
632 659 -0.050356 392 0.944205 394 -0.004874 374 0.111025
633 385 0.271881 396 0.267998 736 -0.140992 392 0.601113
634 385 0.385969 396 0.608549 736 -0.081225 392 0.086708
635 385 0.099485 396 0.665429 379 0.414982 736 -0.179897
636 736 -0.158802 389 0.290751 396 0.308207 379 0.559844
637 709 -0.104306 389 0.513029 379 0.339564 387 0.251713
638 387 0.689365 406 0.131285 737 -0.190411 389 0.369761
639 387 0.676111 406 0.298590 393 0.157791 737 -0.132492
640 387 0.430084 406 0.047547 393 0.733394 737 -0.211026
641 670 -0.007805 393 0.844717 387 -0.091652 371 0.254740
642 625 -0.030148 293 0.576182 328 0.192560 317 0.261406
643 625 -0.025200 293 0.307197 310 0.252276 328 0.465726
644 315 0.214961 625 -0.023386 310 0.564579 328 0.243846
645 315 0.462799 625 -0.032333 305 0.259021 310 0.310513
646 625 -0.031159 315 0.299444 305 0.558087 309 0.173628
647 292 0.182193 625 -0.023804 305 0.352639 309 0.488971
648 292 0.526855 625 -0.027460 309 0.344088 303 0.156516
649 292 0.354489 625 -0.022760 303 0.517013 287 0.151258
650 625 -0.029842 307 0.146519 303 0.375644 287 0.507679
651 285 0.119962 625 -0.021236 287 0.369653 307 0.531621
652 285 0.495610 625 -0.029143 307 0.391445 299 0.142088
653 285 0.435980 625 0.003195 307 -0.097093 299 0.657918
654 314 0.128903 625 -0.029584 295 0.504783 299 0.395899
655 314 0.488282 625 -0.024427 290 0.124579 295 0.411566
656 625 -0.023772 308 0.055965 314 0.350543 290 0.617264
657 308 0.317392 625 -0.033407 288 0.198457 290 0.517558
658 308 0.319856 625 -0.016565 306 0.032069 288 0.664640
659 625 -0.023638 286 0.186279 306 0.480286 288 0.357074
660 286 0.537054 625 -0.022250 306 0.299266 317 0.185931
661 286 0.320696 293 0.270468 625 -0.032482 317 0.441317
662 625 -0.034932 274 0.534098 247 -0.036364 255 0.537197
663 625 -0.033204 255 0.470086 258 0.027823 279 0.535295
664 625 -0.032229 255 -0.066567 258 0.559324 279 0.539471
665 625 -0.035233 278 0.536143 258 0.469863 252 0.029227
666 625 -0.034403 278 0.541591 258 -0.046289 252 0.539101
667 625 -0.032575 256 -0.015500 277 0.545687 252 0.502387
668 625 -0.034295 256 0.512152 277 0.538487 252 -0.016344
669 256 0.504414 625 -0.032679 273 0.539846 248 -0.011580
670 256 -0.005929 625 -0.035467 273 0.527034 248 0.514362
671 625 -0.031998 267 0.530285 248 0.507163 251 -0.005450
672 625 -0.035461 267 0.528232 248 -0.012036 251 0.519265
673 264 0.513522 249 0.006198 251 0.513357 625 -0.033078
674 264 0.524697 249 0.534982 251 -0.025509 625 -0.034170
675 253 0.019356 249 0.506147 261 0.510626 625 -0.036129
676 253 0.541851 249 -0.002749 261 0.497859 625 -0.036961
677 260 0.501811 253 0.519222 625 -0.034867 250 0.013835
678 260 0.509681 253 -0.010360 625 -0.035657 250 0.536336
679 275 0.508267 625 -0.035373 247 0.024094 250 0.503012
680 275 0.517289 625 -0.036049 247 0.539460 250 -0.020700
681 625 -0.033939 274 0.519823 247 0.495079 255 0.019037
682 216 0.478256 189 0.283169 213 0.273259 623 -0.034684
683 190 0.231904 216 0.758415 623 -0.024461 189 0.034142
684 190 0.271597 216 0.337275 215 0.438243 623 -0.047115
685 186 0.145940 190 0.081025 215 0.786566 623 -0.013531
686 186 0.255437 215 0.353475 214 0.428869 623 -0.037781
687 214 0.840573 205 -0.064493 188 0.233470 623 -0.009550
688 214 0.318982 205 0.442335 188 0.275253 623 -0.036571
689 187 0.207038 205 0.769598 623 -0.021447 188 0.044812
690 187 0.283465 205 0.332477 200 0.426309 623 -0.042250
691 200 0.835459 196 0.257152 623 -0.004102 210 -0.088509
692 200 0.323230 196 0.295069 623 -0.034501 210 0.416202
693 209 -0.054676 623 -0.005663 195 0.273321 210 0.787018
694 209 0.451698 623 -0.031452 195 0.303012 210 0.276742
695 209 0.764909 194 0.282599 623 -0.008931 204 -0.038577
696 209 0.252845 194 0.310706 623 -0.031507 204 0.467956
697 193 0.293570 204 0.746989 217 -0.029246 623 -0.011313
698 193 0.308569 204 0.253209 217 0.472268 623 -0.034046
699 623 -0.009895 192 0.284436 213 -0.038279 217 0.763737
700 623 -0.034362 192 0.292881 213 0.476056 217 0.265425
701 216 -0.030098 189 0.257944 213 0.786060 623 -0.013906
702 665 -0.098061 422 0.352376 433 0.336601 427 0.409084
703 665 -0.024741 422 -0.039234 433 0.270813 427 0.793162
704 665 -0.094697 425 0.257304 427 0.595294 450 0.242099
705 665 -0.089626 425 0.770803 427 0.203649 450 0.115174
706 665 -0.078605 428 0.194862 425 0.847191 436 0.036551
707 425 0.342426 407 0.047727 428 0.680317 630 -0.070470
708 428 0.931827 440 -0.015604 630 -0.036696 424 0.120473
709 428 0.513354 440 0.003167 630 -0.080591 424 0.564070
710 424 0.923267 657 -0.015651 441 -0.002606 440 0.094989
711 424 0.535706 657 -0.117147 416 0.357954 441 0.223487
712 424 0.033859 657 -0.045248 416 0.802888 441 0.208501
713 657 -0.090760 418 0.216113 416 0.607504 430 0.267143
714 657 -0.050388 418 0.710885 416 0.084119 430 0.255384
715 418 0.576510 690 -0.069659 420 0.201240 435 0.291909
716 418 0.092649 690 -0.054601 420 0.676177 435 0.285775
717 690 -0.062348 420 0.650582 447 0.303655 426 0.108112
718 690 -0.066763 420 0.162812 447 0.323630 426 0.580321
719 422 0.017992 690 -0.036914 446 0.298553 426 0.720370
720 422 0.492607 690 -0.061592 446 0.304421 426 0.264564
721 665 -0.029520 446 0.023914 433 0.234656 422 0.770949
722 304 0.115051 330 0.562885 628 -0.056402 335 0.378466
723 304 0.102687 330 0.073057 628 -0.029611 335 0.853868
724 340 0.376935 318 0.094366 628 -0.054621 335 0.583320
725 340 0.896204 318 0.059099 628 -0.026206 335 0.070902
726 353 0.048474 628 -0.046246 340 0.533089 329 0.464683
727 353 0.141601 628 -0.021339 329 0.777021 326 0.102717
728 353 0.003596 628 -0.042927 329 0.290008 326 0.749323
729 326 0.733797 628 -0.054757 312 0.081852 324 0.239107
730 326 0.217785 628 -0.050417 312 0.107935 324 0.724697
731 628 -0.047257 300 0.123005 324 0.736362 331 0.187890
732 628 -0.050904 300 0.131041 324 0.242601 331 0.677262
733 319 0.130452 628 -0.038093 334 0.146841 331 0.760800
734 319 0.138777 628 -0.048037 334 0.646409 331 0.262850
735 325 0.118121 628 -0.034181 334 0.785170 313 0.130890
736 325 0.598808 628 -0.052683 334 0.319439 313 0.134436
737 628 -0.020229 325 0.847637 320 0.054329 316 0.118263
738 628 -0.050603 325 0.373404 320 0.550481 316 0.126719
739 302 0.111014 628 -0.007943 320 0.904805 316 -0.007875
740 330 0.473206 628 -0.063642 320 0.466647 302 0.123789
741 304 -0.025770 330 0.920024 302 0.121579 628 -0.015833
742 246 0.112781 231 0.227679 236 0.723533 693 -0.063992
743 237 0.189118 693 -0.079708 236 0.660720 225 0.229870
744 237 0.702753 693 -0.075951 236 0.151533 225 0.221664
745 693 -0.067893 235 0.220954 237 0.693625 241 0.153314
746 693 -0.065788 235 0.220337 237 0.183463 241 0.661988
747 242 0.169236 241 0.655256 233 0.246314 634 -0.070806
748 242 0.687265 241 0.150767 233 0.233633 634 -0.071664
749 242 0.695484 226 0.226542 254 0.146173 634 -0.068200
750 242 0.189094 226 0.213867 254 0.666170 634 -0.069131
751 259 0.196237 219 0.222365 696 -0.096704 254 0.678103
752 259 0.696014 219 0.233543 696 -0.099004 254 0.169448
753 696 -0.078966 221 0.225895 259 0.720705 257 0.132366
754 696 -0.081747 221 0.234753 259 0.197530 257 0.649464
755 263 0.166453 689 -0.062506 257 0.638338 223 0.257715
756 263 0.680520 689 -0.061331 257 0.121733 223 0.259078
757 689 -0.062195 240 0.146887 222 0.261782 263 0.653527
758 689 -0.059102 240 0.660934 222 0.262683 263 0.135485
759 713 -0.039524 229 0.187712 240 0.667001 246 0.184811
760 713 -0.036059 229 0.197616 240 0.143229 246 0.695214
761 246 0.621707 231 0.228642 236 0.218923 693 -0.069271
762 150 0.160817 633 -0.026724 166 0.896276 149 -0.030368
763 150 0.159775 633 -0.106827 177 0.565130 166 0.381921
764 150 0.003357 633 -0.028300 141 0.119857 177 0.905086
765 633 -0.110427 179 0.458207 141 0.175052 177 0.477168
766 142 0.046599 179 0.872711 141 0.109856 633 -0.029167
767 671 -0.126016 175 0.494015 142 0.209080 179 0.422921
768 143 0.151645 176 -0.084821 175 0.934209 671 -0.001034
769 143 0.204859 176 0.470982 175 0.440975 671 -0.116817
770 161 0.037632 176 0.843825 144 0.175633 732 -0.057090
771 161 0.618895 176 0.298702 144 0.255297 732 -0.172894
772 162 -0.007528 732 -0.062477 161 0.847182 145 0.222824
773 162 0.533911 732 -0.161782 161 0.366591 145 0.261279
774 162 0.801642 163 0.062572 642 -0.035188 146 0.170974
775 162 0.305402 163 0.590447 642 -0.062581 146 0.166732
776 147 0.239490 686 -0.056034 164 0.099136 163 0.717408
777 147 0.247601 686 -0.089860 164 0.645234 163 0.197025
778 164 0.762026 686 -0.063080 148 0.201724 165 0.099330
779 164 0.273961 686 -0.097707 148 0.209884 165 0.613863
780 165 0.944055 669 -0.065202 166 0.181881 184 -0.060735
781 633 -0.088340 165 0.297274 166 0.653140 149 0.137925
782 2 0.058592 660 -0.037240 3 0.407077 143 0.571571
783 660 -0.052902 143 0.088271 144 0.497770 3 0.466861
784 4 0.462677 145 0.014490 144 0.557858 660 -0.035025
785 660 -0.044088 5 -0.022396 4 0.511795 145 0.554688
786 146 0.064247 660 -0.030314 145 0.477744 5 0.488324
787 146 0.501646 715 -0.068051 5 0.399583 6 0.166822
788 146 0.339598 715 -0.057613 6 0.556984 147 0.161032
789 715 -0.075707 7 0.204801 6 0.372292 147 0.498614
790 7 0.500614 148 0.249525 147 0.316527 686 -0.066665
791 7 0.282646 148 0.569735 686 -0.066211 8 0.213829
792 686 -0.085711 8 0.476789 148 0.348495 149 0.260427
793 9 0.133198 686 -0.077647 149 0.629495 8 0.314954
794 9 0.130098 661 -0.061992 10 0.367689 149 0.564204
795 150 0.326308 661 -0.068931 149 0.217506 10 0.525117
796 150 0.524439 661 -0.047796 10 0.228291 0 0.295066
797 150 0.223545 661 -0.052031 0 0.522176 141 0.306311
798 141 0.531806 661 -0.047264 0 0.208096 1 0.307362
799 661 -0.048420 142 0.326322 1 0.509312 141 0.212786
800 2 0.320394 142 0.541427 1 0.177840 661 -0.039662
801 2 0.470915 660 -0.043911 143 0.423581 142 0.149415
802 45 0.232511 573 -0.000539 46 0.611975 2 0.156053
803 2 0.282931 1 -0.015171 45 0.732570 620 -0.000330
804 620 -0.000918 44 0.317843 1 0.220824 45 0.462251
805 44 0.685430 620 -0.000280 1 0.215721 0 0.099129
806 44 0.397591 49 0.397537 602 -0.000616 0 0.205487
807 49 0.763183 10 0.156698 602 -0.000131 0 0.080250
808 587 -0.000736 49 0.311354 54 0.552074 10 0.137308
809 587 -0.000260 9 0.384039 10 -0.195586 54 0.811806
810 9 0.212873 54 0.114599 601 -0.000407 53 0.672935
811 601 -0.000495 84 0.222339 8 0.351967 53 0.426190
812 8 0.377929 84 0.303537 608 -0.000347 52 0.318881
813 7 0.132325 51 0.118683 52 0.749354 614 -0.000361
814 7 0.198060 51 0.743909 52 0.058384 614 -0.000352
815 6 0.220767 51 0.412993 614 -0.000613 50 0.366854
816 50 0.684461 6 0.031404 5 0.284421 622 -0.000286
817 581 -0.000428 50 0.184240 48 0.465330 5 0.350859
818 621 -0.000560 80 0.083762 4 0.412229 48 0.504570
819 47 0.117863 80 0.377949 4 0.504467 621 -0.000278
820 3 0.067230 47 0.862403 4 0.070532 621 -0.000164
821 47 0.272714 3 0.125477 46 0.602260 573 -0.000452
